32 0.018229166666666668 0.5569444444444445 0.034375 0.09537037037037037
4 0.07265625 0.5560185185185185 0.0453125 0.1287037037037037
18 0.13333333333333333 0.5523148148148148 0.04791666666666667 0.10462962962962963
26 0.190625 0.5425925925925926 0.05625 0.11851851851851852
25 0.24973958333333332 0.5425925925925926 0.0484375 0.11481481481481481
25 0.58671875 0.5333333333333333 0.0484375 0.11481481481481481
14 0.30755208333333334 0.5435185185185185 0.043229166666666666 0.10925925925925926
14 0.47161458333333334 0.537962962962963 0.043229166666666666 0.10925925925925926
9 0.3640625 0.5435185185185185 0.046875 0.08518518518518518
17 0.41953125 0.5393518518518519 0.0453125 0.10648148148148148
7 0.52734375 0.537962962962963 0.044270833333333336 0.10925925925925926
11 0.6377604166666667 0.5347222222222222 0.0421875 0.1175925925925926
0 0.696875 0.5291666666666667 0.0375 0.11574074074074074
7 0.7489583333333333 0.5305555555555556 0.040625 0.10185185185185185
19 0.8046875 0.5342592592592592 0.030208333333333334 0.10555555555555556