19 0.10572916666666667 0.5504629629629629 0.040625 0.13425925925925927
21 0.17473958333333334 0.5597222222222222 0.05677083333333333 0.125
33 0.24583333333333332 0.5615740740740741 0.052083333333333336 0.08796296296296297
31 0.3111979166666667 0.5699074074074074 0.05260416666666667 0.11944444444444445
31 0.6153645833333333 0.5949074074074074 0.0484375 0.12129629629629629
27 0.37447916666666664 0.5773148148148148 0.053125 0.11944444444444445
27 0.49895833333333334 0.5824074074074074 0.046875 0.1111111111111111
29 0.43697916666666664 0.5782407407407407 0.04375 0.0824074074074074
29 0.8921875 0.6324074074074074 0.04791666666666667 0.10185185185185185
27 0.7309895833333333 0.6064814814814815 0.050520833333333334 0.09814814814814815
28 0.8388020833333333 0.6226851851851852 0.03802083333333333 0.0824074074074074
4 0.78515625 0.6162037037037037 0.049479166666666664 0.125
30 0.6734375 0.6041666666666666 0.05 0.08981481481481482
23 0.5580729166666667 0.5884259259259259 0.050520833333333334 0.1175925925925926