9 0.11067708333333333 0.5875 0.027604166666666666 0.0787037037037037
14 0.14895833333333333 0.5875 0.027083333333333334 0.08981481481481482
10 0.18723958333333332 0.5787037037037037 0.024479166666666666 0.09259259259259259
18 0.22604166666666667 0.575462962962963 0.03229166666666667 0.08981481481481482
8 0.26901041666666664 0.5717592592592593 0.033854166666666664 0.10277777777777777
11 0.31145833333333334 0.5675925925925925 0.03854166666666667 0.1037037037037037
5 0.35572916666666665 0.5597222222222222 0.03333333333333333 0.11944444444444445
20 0.3997395833333333 0.549537037037037 0.03697916666666667 0.11574074074074074
26 0.44609375 0.5439814814814815 0.0421875 0.11574074074074074
28 0.49895833333333334 0.537962962962963 0.034375 0.08148148148148149
2 0.5473958333333333 0.5319444444444444 0.036458333333333336 0.12129629629629629
6 0.7203125 0.5148148148148148 0.040625 0.12037037037037036
22 0.6018229166666667 0.5291666666666667 0.0453125 0.1175925925925926
8 0.66015625 0.5203703703703704 0.04635416666666667 0.12777777777777777