19 0.16927083333333334 0.5208333333333334 0.03333333333333333 0.13796296296296295
21 0.24192708333333332 0.5287037037037037 0.05364583333333333 0.14074074074074075
33 0.30807291666666664 0.5300925925925926 0.049479166666666664 0.08981481481481482
31 0.3736979166666667 0.5453703703703704 0.049479166666666664 0.12407407407407407
31 0.6502604166666667 0.5782407407407407 0.044270833333333336 0.10833333333333334
27 0.42864583333333334 0.549074074074074 0.046875 0.10740740740740741
27 0.5450520833333333 0.5587962962962963 0.044270833333333336 0.10277777777777777
27 0.7533854166666667 0.5939814814814814 0.04114583333333333 0.09907407407407408
29 0.4903645833333333 0.5532407407407407 0.044270833333333336 0.08611111111111111
29 0.8903645833333333 0.6171296296296296 0.033854166666666664 0.07685185185185185
23 0.5989583333333334 0.5685185185185185 0.042708333333333334 0.11666666666666667
30 0.69921875 0.5856481481481481 0.04010416666666667 0.08611111111111111
4 0.796875 0.6027777777777777 0.035416666666666666 0.11666666666666667
28 0.8442708333333333 0.6125 0.03229166666666667 0.08611111111111111