24 0.05546875 0.5199074074074074 0.050520833333333334 0.12129629629629629
24 0.17161458333333332 0.5143518518518518 0.0484375 0.12314814814814815
9 0.11432291666666666 0.5199074074074074 0.043229166666666666 0.08796296296296297
16 0.28125 0.5083333333333333 0.053125 0.11296296296296296
25 0.228125 0.512962962962963 0.051041666666666666 0.11296296296296296
1 0.3359375 0.49444444444444446 0.0375 0.11296296296296296
1 0.44375 0.49537037037037035 0.0375 0.11296296296296296
17 0.3893229166666667 0.49212962962962964 0.04739583333333333 0.10092592592592593
29 0.49765625 0.4930555555555556 0.03697916666666667 0.07314814814814814
2 0.55546875 0.487962962962963 0.03697916666666667 0.10185185185185185
3 0.6572916666666667 0.4888888888888889 0.035416666666666666 0.10185185185185185
12 0.6044270833333333 0.4912037037037037 0.04010416666666667 0.09537037037037037
31 0.7114583333333333 0.4888888888888889 0.042708333333333334 0.11296296296296296
10 0.7651041666666667 0.48148148148148145 0.03125 0.1037037037037037