31 0.76796875 0.44537037037037036 0.043229166666666666 0.1
10 0.8200520833333333 0.44212962962962965 0.04010416666666667 0.10277777777777777
12 0.6640625 0.44537037037037036 0.041666666666666664 0.08518518518518518
17 0.44479166666666664 0.44212962962962965 0.05 0.10462962962962963
16 0.32838541666666665 0.45555555555555555 0.04114583333333333 0.12407407407407407
25 0.26875 0.4597222222222222 0.053125 0.1175925925925926
24 0.20651041666666667 0.4597222222222222 0.050520833333333334 0.1175925925925926
24 0.07890625 0.4601851851851852 0.05677083333333333 0.12407407407407407
9 0.14348958333333334 0.46296296296296297 0.05572916666666667 0.09259259259259259
1 0.38776041666666666 0.44722222222222224 0.043229166666666666 0.11296296296296296
1 0.50078125 0.4444444444444444 0.043229166666666666 0.11296296296296296
2 0.6106770833333334 0.44537037037037036 0.0390625 0.10925925925925926
3 0.7140625 0.44583333333333336 0.0375 0.09907407407407408
29 0.5557291666666667 0.44351851851851853 0.036458333333333336 0.08333333333333333