19 0.15729166666666666 0.46064814814814814 0.04895833333333333 0.14351851851851852
21 0.23697916666666666 0.4740740740740741 0.053125 0.15
33 0.30494791666666665 0.48657407407407405 0.0515625 0.11018518518518519
31 0.36614583333333334 0.4949074074074074 0.04791666666666667 0.13055555555555556
31 0.6270833333333333 0.5365740740740741 0.03854166666666667 0.11388888888888889
27 0.42265625 0.500462962962963 0.0421875 0.10648148148148148
27 0.53046875 0.5157407407407407 0.043229166666666666 0.10185185185185185
27 0.7140625 0.5564814814814815 0.036458333333333336 0.08703703703703704
29 0.4796875 0.5097222222222222 0.035416666666666666 0.0787037037037037
29 0.83046875 0.5777777777777777 0.034895833333333334 0.07037037037037037
23 0.5802083333333333 0.5291666666666667 0.042708333333333334 0.12129629629629629
30 0.6708333333333333 0.5449074074074074 0.03125 0.07685185185185185
4 0.75390625 0.5643518518518519 0.0296875 0.10462962962962963
28 0.7932291666666667 0.5745370370370371 0.03333333333333333 0.07685185185185185