6 0.044270833333333336 0.48703703703703705 0.04791666666666667 0.1111111111111111
28 0.09973958333333334 0.4875 0.0421875 0.10462962962962963
26 0.15572916666666667 0.48703703703703705 0.046875 0.11666666666666667
32 0.2140625 0.48703703703703705 0.04479166666666667 0.1
29 0.27239583333333334 0.48518518518518516 0.03854166666666667 0.09074074074074075
8 0.33177083333333335 0.4824074074074074 0.042708333333333334 0.11481481481481481
15 0.38567708333333334 0.4847222222222222 0.0484375 0.11388888888888889
5 0.44244791666666666 0.48842592592592593 0.0421875 0.11203703703703703
16 0.4973958333333333 0.48009259259259257 0.040625 0.11388888888888889
33 0.5559895833333334 0.4837962962962963 0.03802083333333333 0.08611111111111111
18 0.61484375 0.47638888888888886 0.04114583333333333 0.10092592592592593
21 0.67109375 0.48148148148148145 0.04114583333333333 0.10555555555555556
17 0.7286458333333333 0.475 0.05416666666666667 0.10925925925925926
31 0.7875 0.47453703703703703 0.05 0.11018518518518519