24 0.06666666666666667 0.5046296296296297 0.046875 0.11666666666666667
24 0.17604166666666668 0.5 0.046875 0.11666666666666667
9 0.121875 0.5087962962962963 0.04583333333333333 0.08055555555555556
25 0.23098958333333333 0.5023148148148148 0.0453125 0.10462962962962963
16 0.2830729166666667 0.4949074074074074 0.03802083333333333 0.10648148148148148
1 0.33489583333333334 0.49027777777777776 0.042708333333333334 0.10462962962962963
1 0.4427083333333333 0.4847222222222222 0.042708333333333334 0.10462962962962963
17 0.38958333333333334 0.48055555555555557 0.04791666666666667 0.09814814814814815
29 0.49244791666666665 0.4847222222222222 0.04010416666666667 0.075
2 0.5463541666666667 0.48194444444444445 0.03229166666666667 0.10092592592592593
12 0.5981770833333333 0.4898148148148148 0.03697916666666667 0.09259259259259259
3 0.6494791666666667 0.48194444444444445 0.03229166666666667 0.10092592592592593
31 0.6994791666666667 0.48148148148148145 0.042708333333333334 0.10555555555555556
10 0.7518229166666667 0.475 0.034895833333333334 0.10555555555555556