8 0.9494791666666667 0.5009259259259259 0.04479166666666667 0.12037037037037036
19 0.8901041666666667 0.5101851851851852 0.030208333333333334 0.12407407407407407
18 0.8333333333333334 0.5148148148148148 0.04583333333333333 0.11851851851851852
0 0.7739583333333333 0.5194444444444445 0.04791666666666667 0.12037037037037036
6 0.7119791666666667 0.5203703703703704 0.046875 0.13703703703703704
28 0.6515625 0.512962962962963 0.04479166666666667 0.09259259259259259
25 0.5921875 0.5194444444444445 0.04895833333333333 0.12037037037037036
14 0.5302083333333333 0.524074074074074 0.04791666666666667 0.11851851851851852
10 0.4666666666666667 0.5277777777777778 0.0375 0.12222222222222222
32 0.403125 0.5333333333333333 0.04583333333333333 0.1111111111111111
16 0.3375 0.5388888888888889 0.04583333333333333 0.13333333333333333
6 0.2708333333333333 0.5435185185185185 0.04791666666666667 0.1388888888888889
29 0.20364583333333333 0.5462962962962963 0.046875 0.0962962962962963
13 0.13333333333333333 0.5472222222222223 0.052083333333333336 0.10925925925925926