21 0.2078125 0.5236111111111111 0.05416666666666667 0.11388888888888889
3 0.27005208333333336 0.5319444444444444 0.043229166666666666 0.11203703703703703
19 0.33098958333333334 0.5291666666666667 0.03697916666666667 0.11018518518518519
26 0.39036458333333335 0.5342592592592592 0.0484375 0.11666666666666667
0 0.4518229166666667 0.537962962962963 0.04114583333333333 0.1037037037037037
24 0.5067708333333333 0.5398148148148149 0.04895833333333333 0.11296296296296296
8 0.5635416666666667 0.5412037037037037 0.041666666666666664 0.11574074074074074
33 0.6192708333333333 0.5444444444444444 0.04375 0.08333333333333333
12 0.6731770833333334 0.5476851851851852 0.0421875 0.09537037037037037
4 0.7276041666666667 0.5425925925925926 0.040625 0.10740740740740741
13 0.78046875 0.5481481481481482 0.0453125 0.09444444444444444
13 0.8333333333333334 0.5481481481481482 0.04375 0.09444444444444444
1 0.8869791666666667 0.55 0.040625 0.10925925925925926
3 0.9411458333333333 0.5527777777777778 0.041666666666666664 0.1037037037037037