13 0.17395833333333333 0.562962962962963 0.05 0.08888888888888889
29 0.234375 0.5583333333333333 0.04375 0.07222222222222222
6 0.29322916666666665 0.5601851851851852 0.042708333333333334 0.09814814814814815
16 0.3489583333333333 0.5592592592592592 0.04791666666666667 0.0962962962962963
32 0.40520833333333334 0.5592592592592592 0.041666666666666664 0.07777777777777778
10 0.4625 0.5564814814814815 0.0375 0.08703703703703704
14 0.5197916666666667 0.5527777777777778 0.0375 0.08703703703703704
25 0.5739583333333333 0.5527777777777778 0.04375 0.09074074074074075
28 0.6286458333333333 0.55 0.040625 0.07407407407407407
6 0.684375 0.5546296296296296 0.03958333333333333 0.09444444444444444
0 0.7375 0.5574074074074075 0.035416666666666666 0.08148148148148149
18 0.7927083333333333 0.5546296296296296 0.04375 0.07962962962962963
19 0.8484375 0.5527777777777778 0.03229166666666667 0.09074074074074075
8 0.903125 0.5527777777777778 0.041666666666666664 0.09074074074074075