9 0.16276041666666666 0.5199074074074074 0.06302083333333333 0.09722222222222222
14 0.2375 0.5226851851851851 0.04583333333333333 0.1361111111111111
10 0.30390625 0.5208333333333334 0.030729166666666665 0.13055555555555556
18 0.36354166666666665 0.5277777777777778 0.04895833333333333 0.12037037037037036
8 0.42083333333333334 0.5365740740740741 0.042708333333333334 0.12685185185185185
11 0.4765625 0.538425925925926 0.04375 0.11388888888888889
5 0.52734375 0.5388888888888889 0.0328125 0.11296296296296296
20 0.5744791666666667 0.5439814814814815 0.036458333333333336 0.11018518518518519
26 0.6184895833333334 0.5430555555555555 0.04010416666666667 0.11944444444444445
28 0.6643229166666667 0.5421296296296296 0.0359375 0.09537037037037037
2 0.7041666666666667 0.5509259259259259 0.030208333333333334 0.11296296296296296
6 0.8203125 0.5546296296296296 0.028125 0.08888888888888889
8 0.7830729166666667 0.5527777777777778 0.033854166666666664 0.1
22 0.7442708333333333 0.5504629629629629 0.03333333333333333 0.10462962962962963