11 0.13411458333333334 0.43425925925925923 0.044270833333333336 0.13148148148148148
27 0.20182291666666666 0.44537037037037036 0.05364583333333333 0.10555555555555556
2 0.26276041666666666 0.4597222222222222 0.0453125 0.11574074074074074
16 0.325 0.4689814814814815 0.04895833333333333 0.12129629629629629
11 0.38697916666666665 0.48657407407407405 0.04479166666666667 0.1287037037037037
15 0.446875 0.49675925925925923 0.05 0.1287037037037037
14 0.50234375 0.5037037037037037 0.04739583333333333 0.11296296296296296
13 0.5609375 0.5097222222222222 0.04375 0.10277777777777777
10 0.6138020833333333 0.5226851851851851 0.0359375 0.11018518518518519
20 0.6671875 0.5342592592592592 0.03854166666666667 0.1037037037037037
4 0.7239583333333334 0.5481481481481482 0.03958333333333333 0.11481481481481481
12 0.7734375 0.5523148148148148 0.03854166666666667 0.09166666666666666
12 0.82578125 0.5671296296296297 0.0390625 0.09351851851851851
17 0.87578125 0.5777777777777777 0.0515625 0.10185185185185185