9 0.12161458333333333 0.5217592592592593 0.06614583333333333 0.11944444444444445
14 0.19348958333333333 0.5231481481481481 0.05364583333333333 0.12777777777777777
10 0.2559895833333333 0.5143518518518518 0.04635416666666667 0.11944444444444445
18 0.321875 0.513425925925926 0.04583333333333333 0.11574074074074074
8 0.3796875 0.5143518518518518 0.05 0.12314814814814815
11 0.43645833333333334 0.5092592592592593 0.03958333333333333 0.11296296296296296
5 0.48854166666666665 0.5027777777777778 0.036458333333333336 0.11666666666666667
20 0.5395833333333333 0.49583333333333335 0.035416666666666666 0.12129629629629629
26 0.5854166666666667 0.49444444444444446 0.03958333333333333 0.10925925925925926
28 0.6296875 0.487962962962963 0.03333333333333333 0.08333333333333333
2 0.6729166666666667 0.487962962962963 0.03125 0.10185185185185185
22 0.71484375 0.4898148148148148 0.03802083333333333 0.1037037037037037
6 0.7924479166666667 0.48564814814814816 0.0265625 0.09537037037037037
8 0.7544270833333333 0.487962962962963 0.03177083333333333 0.10740740740740741