24 0.24375 0.48148148148148145 0.05416666666666667 0.1111111111111111
24 0.36015625 0.5074074074074074 0.0453125 0.1037037037037037
25 0.4153645833333333 0.5222222222222223 0.0421875 0.10740740740740741
9 0.30390625 0.49444444444444446 0.050520833333333334 0.07962962962962963
16 0.46822916666666664 0.5291666666666667 0.040625 0.11018518518518519
1 0.5200520833333333 0.5370370370370371 0.0359375 0.09259259259259259
1 0.6229166666666667 0.5550925925925926 0.03333333333333333 0.09907407407407408
17 0.571875 0.5402777777777777 0.04791666666666667 0.09351851851851851
29 0.66953125 0.5648148148148148 0.0359375 0.07592592592592592
2 0.71796875 0.5773148148148148 0.03802083333333333 0.09907407407407408
12 0.76484375 0.5861111111111111 0.0390625 0.08148148148148149
3 0.81328125 0.5976851851851852 0.033854166666666664 0.09166666666666666
31 0.8606770833333334 0.6097222222222223 0.0453125 0.09351851851851851
10 0.90390625 0.6152777777777778 0.030729166666666665 0.09351851851851851