13 0.1234375 0.2759259259259259 0.034375 0.0962962962962963
29 0.16302083333333334 0.28425925925925927 0.028125 0.07962962962962963
6 0.2 0.29259259259259257 0.027083333333333334 0.10740740740740741
6 0.5359375 0.33796296296296297 0.034375 0.13148148148148148
16 0.24322916666666666 0.2935185185185185 0.03229166666666667 0.11666666666666667
32 0.2869791666666667 0.3 0.034375 0.09259259259259259
10 0.3328125 0.3074074074074074 0.03229166666666667 0.10740740740740741
14 0.3802083333333333 0.31203703703703706 0.03958333333333333 0.11296296296296296
25 0.43072916666666666 0.32314814814814813 0.040625 0.12037037037037036
28 0.48072916666666665 0.33055555555555555 0.03854166666666667 0.09444444444444444
0 0.5932291666666667 0.3527777777777778 0.04479166666666667 0.12777777777777777
18 0.6588541666666666 0.3574074074074074 0.04895833333333333 0.12222222222222222
19 0.721875 0.3685185185185185 0.035416666666666666 0.12962962962962962
8 0.7942708333333334 0.37407407407407406 0.059375 0.15185185185185185