22 0.07473958333333333 0.5800925925925926 0.0546875 0.1287037037037037
22 0.7692708333333333 0.5800925925925926 0.042708333333333334 0.11018518518518519
18 0.39296875 0.5773148148148148 0.04114583333333333 0.09907407407407408
18 0.45078125 0.5615740740740741 0.04114583333333333 0.09907407407407408
2 0.14401041666666667 0.5810185185185185 0.0453125 0.1175925925925926
20 0.209375 0.5791666666666667 0.04375 0.11018518518518519
15 0.27109375 0.5791666666666667 0.049479166666666664 0.12314814814814815
23 0.33203125 0.5740740740740741 0.0453125 0.10555555555555556
5 0.5065104166666666 0.5736111111111111 0.0421875 0.09907407407407408
24 0.5604166666666667 0.5722222222222222 0.04479166666666667 0.11481481481481481
6 0.6143229166666667 0.5768518518518518 0.03177083333333333 0.1037037037037037
7 0.6651041666666667 0.5726851851851852 0.036458333333333336 0.10833333333333334
30 0.71640625 0.5768518518518518 0.0390625 0.07962962962962963
10 0.8161458333333333 0.5800925925925926 0.03333333333333333 0.09907407407407408