9 0.06276041666666667 0.5041666666666667 0.0515625 0.08981481481481482
30 0.11979166666666667 0.49907407407407406 0.03854166666666667 0.07962962962962963
23 0.17291666666666666 0.49537037037037035 0.04375 0.1037037037037037
23 0.60859375 0.4722222222222222 0.0421875 0.1111111111111111
3 0.22994791666666667 0.49166666666666664 0.04010416666666667 0.1
13 0.2828125 0.49074074074074076 0.04479166666666667 0.09814814814814815
21 0.340625 0.4847222222222222 0.04375 0.10462962962962963
16 0.39296875 0.47962962962962963 0.03697916666666667 0.10740740740740741
1 0.4466145833333333 0.47638888888888886 0.04010416666666667 0.10648148148148148
15 0.5005208333333333 0.4787037037037037 0.04479166666666667 0.1111111111111111
0 0.5546875 0.47175925925925927 0.040625 0.09907407407407408
20 0.6614583333333334 0.4722222222222222 0.040625 0.10555555555555556
0 0.71640625 0.46805555555555556 0.03802083333333333 0.10833333333333334
22 0.77265625 0.4689814814814815 0.04114583333333333 0.10277777777777777