15 0.09088541666666666 0.47685185185185186 0.050520833333333334 0.13148148148148148
28 0.15286458333333333 0.4787037037037037 0.05364583333333333 0.09259259259259259
26 0.2171875 0.47638888888888886 0.052083333333333336 0.125
32 0.2747395833333333 0.46574074074074073 0.0453125 0.08703703703703704
29 0.33359375 0.4601851851851852 0.03802083333333333 0.08148148148148149
8 0.39088541666666665 0.4601851851851852 0.0453125 0.11666666666666667
15 0.4473958333333333 0.462037037037037 0.04895833333333333 0.1259259259259259
5 0.5026041666666666 0.45416666666666666 0.040625 0.11018518518518519
16 0.5606770833333333 0.45231481481481484 0.0453125 0.10833333333333334
33 0.6104166666666667 0.4513888888888889 0.04583333333333333 0.08055555555555556
18 0.66484375 0.4462962962962963 0.050520833333333334 0.09074074074074075
21 0.71640625 0.44675925925925924 0.04114583333333333 0.10092592592592593
17 0.7700520833333333 0.44351851851851853 0.05260416666666667 0.10185185185185185
31 0.8223958333333333 0.43796296296296294 0.04583333333333333 0.10740740740740741