21 0.19739583333333333 0.4810185185185185 0.059375 0.15092592592592594
3 0.27057291666666666 0.49675925925925923 0.050520833333333334 0.13796296296296295
19 0.33125 0.5097222222222222 0.04375 0.13796296296296295
26 0.39557291666666666 0.5199074074074074 0.0515625 0.1398148148148148
0 0.44895833333333335 0.5337962962962963 0.03229166666666667 0.11944444444444445
24 0.50078125 0.5462962962962963 0.043229166666666666 0.12962962962962962
8 0.5484375 0.5550925925925926 0.035416666666666666 0.11574074074074074
33 0.59453125 0.5680555555555555 0.033854166666666664 0.075
12 0.6375 0.5717592592592593 0.035416666666666666 0.08425925925925926
4 0.6755208333333333 0.575 0.027083333333333334 0.10185185185185185
13 0.7138020833333333 0.5837962962962963 0.0296875 0.08981481481481482
13 0.7489583333333333 0.5925925925925926 0.030208333333333334 0.08888888888888889
1 0.7838541666666666 0.6 0.028125 0.09259259259259259
3 0.8151041666666666 0.6083333333333333 0.027083333333333334 0.0962962962962963