22 0.07291666666666667 0.5513888888888889 0.053125 0.10833333333333334
22 0.7458333333333333 0.5217592592592593 0.053125 0.10833333333333334
18 0.3567708333333333 0.5324074074074074 0.04479166666666667 0.09814814814814815
18 0.4119791666666667 0.5212962962962963 0.04479166666666667 0.09814814814814815
2 0.13229166666666667 0.5481481481481482 0.0375 0.1
20 0.18984375 0.5449074074074074 0.043229166666666666 0.10277777777777777
15 0.24244791666666668 0.5407407407407407 0.0484375 0.10555555555555556
23 0.3015625 0.5370370370370371 0.04895833333333333 0.10740740740740741
5 0.4671875 0.524074074074074 0.04375 0.10740740740740741
5 0.5236979166666667 0.5231481481481481 0.04010416666666667 0.10925925925925926
6 0.57578125 0.5185185185185185 0.04010416666666667 0.11296296296296296
7 0.6315104166666666 0.5166666666666667 0.04635416666666667 0.1111111111111111
30 0.6903645833333333 0.5226851851851851 0.04010416666666667 0.075
10 0.8002604166666667 0.5185185185185185 0.0359375 0.1