10 0.9494791666666667 0.5287037037037037 0.03854166666666667 0.09074074074074075
21 0.9015625 0.5324074074074074 0.042708333333333334 0.10185185185185185
15 0.8489583333333334 0.5342592592592592 0.04375 0.10185185185185185
30 0.7984375 0.5324074074074074 0.040625 0.08333333333333333
17 0.7479166666666667 0.5398148148148149 0.05 0.09444444444444444
9 0.6958333333333333 0.5453703703703704 0.04583333333333333 0.07592592592592592
0 0.6463541666666667 0.549074074074074 0.046875 0.09444444444444444
19 0.5958333333333333 0.5527777777777778 0.0375 0.10555555555555556
15 0.5416666666666666 0.5611111111111111 0.05 0.10740740740740741
31 0.4895833333333333 0.5666666666666667 0.04583333333333333 0.1
1 0.4348958333333333 0.5694444444444444 0.042708333333333334 0.09444444444444444
27 0.38229166666666664 0.5824074074074074 0.03958333333333333 0.09444444444444444
26 0.3265625 0.5787037037037037 0.04895833333333333 0.10925925925925926
20 0.27239583333333334 0.5814814814814815 0.04479166666666667 0.10740740740740741
18 0.2125 0.5879629629629629 0.05 0.10555555555555556
11 0.15520833333333334 0.5907407407407408 0.052083333333333336 0.10740740740740741