6 0.04114583333333333 0.47175925925925927 0.04895833333333333 0.12129629629629629
28 0.10078125 0.46296296296296297 0.043229166666666666 0.08703703703703704
26 0.16015625 0.4648148148148148 0.05572916666666667 0.11481481481481481
32 0.21744791666666666 0.462037037037037 0.04114583333333333 0.09074074074074075
29 0.278125 0.4666666666666667 0.041666666666666664 0.07777777777777778
8 0.3302083333333333 0.45740740740740743 0.04479166666666667 0.1037037037037037
8 0.38776041666666666 0.46064814814814814 0.050520833333333334 0.11944444444444445
5 0.44505208333333335 0.4615740740740741 0.043229166666666666 0.11203703703703703
16 0.50078125 0.4615740740740741 0.04010416666666667 0.11388888888888889
18 0.6091145833333333 0.45925925925925926 0.0421875 0.09259259259259259
33 0.5557291666666667 0.46296296296296297 0.04375 0.07592592592592592
21 0.6666666666666666 0.4601851851851852 0.046875 0.10555555555555556
17 0.7234375 0.45416666666666666 0.04895833333333333 0.10277777777777777
31 0.77890625 0.44675925925925924 0.0453125 0.11388888888888889