13 0.18072916666666666 0.5861111111111111 0.053125 0.09814814814814815
29 0.24375 0.5824074074074074 0.03958333333333333 0.07592592592592592
6 0.3020833333333333 0.5805555555555556 0.03958333333333333 0.10925925925925926
16 0.3625 0.5712962962962963 0.04375 0.10925925925925926
32 0.4197916666666667 0.5666666666666667 0.035416666666666666 0.08888888888888889
10 0.4739583333333333 0.562962962962963 0.029166666666666667 0.1
14 0.5348958333333333 0.5555555555555556 0.036458333333333336 0.0962962962962963
25 0.5921875 0.5509259259259259 0.04895833333333333 0.10555555555555556
28 0.65 0.55 0.0375 0.07407407407407407
6 0.7036458333333333 0.55 0.03854166666666667 0.1037037037037037
0 0.759375 0.55 0.03958333333333333 0.1
18 0.8151041666666666 0.5481481481481482 0.051041666666666666 0.1
19 0.875 0.5324074074074074 0.03333333333333333 0.10555555555555556
8 0.9276041666666667 0.5333333333333333 0.03854166666666667 0.1