9 0.062239583333333334 0.5106481481481482 0.04739583333333333 0.09166666666666666
30 0.11848958333333333 0.5064814814814815 0.0390625 0.08333333333333333
23 0.1734375 0.5027777777777778 0.04583333333333333 0.10185185185185185
3 0.228125 0.5009259259259259 0.040625 0.10740740740740741
13 0.28125 0.500462962962963 0.04583333333333333 0.09722222222222222
21 0.334375 0.49398148148148147 0.040625 0.10648148148148148
16 0.3880208333333333 0.49398148148148147 0.03958333333333333 0.11388888888888889
1 0.44192708333333336 0.48842592592592593 0.03697916666666667 0.09722222222222222
15 0.49557291666666664 0.4898148148148148 0.044270833333333336 0.1111111111111111
0 0.5481770833333334 0.49074074074074076 0.0421875 0.10185185185185185
0 0.7046875 0.487962962962963 0.03854166666666667 0.10185185185185185
23 0.5994791666666667 0.4875 0.04375 0.09907407407407408
20 0.6518229166666667 0.4912037037037037 0.03697916666666667 0.10648148148148148
22 0.7598958333333333 0.487962962962963 0.041666666666666664 0.10740740740740741