9 0.12786458333333334 0.7393518518518518 0.03177083333333333 0.0712962962962963
30 0.16536458333333334 0.7287037037037037 0.028645833333333332 0.06851851851851852
23 0.20130208333333333 0.7226851851851852 0.04010416666666667 0.09722222222222222
3 0.24010416666666667 0.7078703703703704 0.029166666666666667 0.08611111111111111
13 0.28151041666666665 0.7013888888888888 0.03177083333333333 0.09537037037037037
21 0.3221354166666667 0.687962962962963 0.030729166666666665 0.0962962962962963
16 0.3645833333333333 0.6814814814814815 0.03333333333333333 0.10555555555555556
1 0.409375 0.6722222222222223 0.030208333333333334 0.1111111111111111
15 0.45286458333333335 0.6675925925925926 0.03802083333333333 0.11296296296296296
0 0.5041666666666667 0.6523148148148148 0.0375 0.10648148148148148
0 0.65625 0.6171296296296296 0.03854166666666667 0.125
23 0.55078125 0.6365740740740741 0.044270833333333336 0.1175925925925926
18 0.6036458333333333 0.638425925925926 0.04479166666666667 0.11388888888888889
4 0.7130208333333333 0.6097222222222223 0.052083333333333336 0.1287037037037037