6 0.16692708333333334 0.449537037037037 0.049479166666666664 0.14166666666666666
28 0.23671875 0.4675925925925926 0.05364583333333333 0.09444444444444444
26 0.30416666666666664 0.47638888888888886 0.05 0.15092592592592594
32 0.365625 0.48518518518518516 0.03854166666666667 0.10185185185185185
29 0.42578125 0.4898148148148148 0.04635416666666667 0.07962962962962963
8 0.4825520833333333 0.5023148148148148 0.03697916666666667 0.1175925925925926
15 0.5354166666666667 0.5138888888888888 0.052083333333333336 0.12407407407407407
5 0.5893229166666667 0.5212962962962963 0.04010416666666667 0.11851851851851852
16 0.6380208333333334 0.5291666666666667 0.040625 0.1287037037037037
33 0.6846354166666667 0.5375 0.0453125 0.08796296296296297
18 0.7338541666666667 0.5407407407407407 0.036458333333333336 0.10555555555555556
21 0.7783854166666667 0.5518518518518518 0.03802083333333333 0.12222222222222222
17 0.8231770833333333 0.5564814814814815 0.04114583333333333 0.10740740740740741
31 0.8651041666666667 0.562037037037037 0.040625 0.10555555555555556