31 0.24913194444444445 0.061342592592592594 0.057291666666666664 0.06712962962962964
9 0.18055555555555555 0.2152777777777778 0.041666666666666664 0.05092592592592592
13 0.21875 0.14930555555555555 0.04861111111111111 0.0625
11 0.3229166666666667 0.10300925925925926 0.034722222222222224 0.07175925925925926
33 0.3342013888888889 0.17476851851851852 0.036458333333333336 0.04861111111111111
4 0.4114583333333333 0.16666666666666666 0.034722222222222224 0.06944444444444445
2 0.4782986111111111 0.24537037037037038 0.03993055555555555 0.06944444444444445
2 0.3298611111111111 0.2523148148148148 0.052083333333333336 0.046296296296296294
2 0.2586805555555556 0.21064814814814814 0.052083333333333336 0.05092592592592592
0 0.18836805555555555 0.30671296296296297 0.03298611111111111 0.06712962962962964
32 0.24739583333333334 0.28935185185185186 0.03993055555555555 0.046296296296296294
25 0.4019097222222222 0.2673611111111111 0.05381944444444445 0.05787037037037037
23 0.4097222222222222 0.3368055555555556 0.052083333333333336 0.04861111111111111
19 0.2048611111111111 0.3888888888888889 0.020833333333333332 0.06944444444444445
4 0.2074652777777778 0.4826388888888889 0.046875 0.0625
16 0.1701388888888889 0.5196759259259259 0.05555555555555555 0.07175925925925926
17 0.3064236111111111 0.32060185185185186 0.043402777777777776 0.06712962962962964
23 0.3211805555555556 0.39467592592592593 0.052083333333333336 0.04861111111111111
31 0.296875 0.4988425925925926 0.05555555555555555 0.05324074074074074
31 0.4748263888888889 0.48726851851851855 0.03298611111111111 0.0625
22 0.3819444444444444 0.4976851851851852 0.05555555555555555 0.05555555555555555
17 0.13802083333333334 0.2673611111111111 0.057291666666666664 0.07175925925925926
30 0.5555555555555556 0.19907407407407407 0.03125 0.05092592592592592
11 0.5390625 0.30439814814814814 0.036458333333333336 0.06712962962962964
6 0.5546875 0.3900462962962963 0.050347222222222224 0.04398148148148148
5 0.5598958333333334 0.49421296296296297 0.050347222222222224 0.04861111111111111
8 0.1519097222222222 0.6076388888888888 0.050347222222222224 0.0625
1 0.2526041666666667 0.5868055555555556 0.036458333333333336 0.06712962962962964
1 0.3194444444444444 0.5671296296296297 0.03125 0.06481481481481481
6 0.3993055555555556 0.6354166666666666 0.052083333333333336 0.05324074074074074
8 0.3307291666666667 0.7835648148148148 0.05381944444444445 0.05324074074074074
24 0.14322916666666666 0.8680555555555556 0.050347222222222224 0.06944444444444445
13 0.140625 0.7592592592592593 0.041666666666666664 0.06481481481481481
14 0.2404513888888889 0.8159722222222222 0.03298611111111111 0.07175925925925926
31 0.1814236111111111 0.6875 0.05381944444444445 0.07407407407407407
28 0.3255208333333333 0.6643518518518519 0.036458333333333336 0.06018518518518518
28 0.4192708333333333 0.7268518518518519 0.03993055555555555 0.05092592592592592
18 0.5060763888888888 0.7523148148148148 0.043402777777777776 0.05555555555555555
18 0.5008680555555556 0.5856481481481481 0.046875 0.05092592592592592
24 0.3802083333333333 0.5706018518518519 0.05555555555555555 0.05787037037037037
17 0.5399305555555556 0.6886574074074074 0.05555555555555555 0.0763888888888889
26 0.6137152777777778 0.5138888888888888 0.036458333333333336 0.06944444444444445
7 0.5850694444444444 0.5810185185185185 0.04513888888888889 0.05555555555555555
2 0.6310763888888888 0.6805555555555556 0.036458333333333336 0.06944444444444445
9 0.6145833333333334 0.7627314814814815 0.03819444444444445 0.05324074074074074
15 0.6215277777777778 0.8726851851851852 0.04513888888888889 0.06944444444444445
29 0.6892361111111112 0.7418981481481481 0.034722222222222224 0.04861111111111111
30 0.7682291666666666 0.6701388888888888 0.03993055555555555 0.04861111111111111
10 0.7413194444444444 0.7881944444444444 0.04513888888888889 0.04398148148148148
14 0.6822916666666666 0.8506944444444444 0.034722222222222224 0.06712962962962964
18 0.7378472222222222 0.6030092592592593 0.04513888888888889 0.04861111111111111
20 0.6675347222222222 0.5810185185185185 0.050347222222222224 0.05555555555555555
1 0.7161458333333334 0.42939814814814814 0.046875 0.04398148148148148
25 0.640625 0.3784722222222222 0.052083333333333336 0.05324074074074074
7 0.6892361111111112 0.16319444444444445 0.041666666666666664 0.0625
16 0.6258680555555556 0.19212962962962962 0.05381944444444445 0.06481481481481481
27 0.5824652777777778 0.27546296296296297 0.03298611111111111 0.05555555555555555
11 0.6319444444444444 0.2916666666666667 0.04513888888888889 0.06018518518518518
3 0.6710069444444444 0.2523148148148148 0.043402777777777776 0.06018518518518518
32 0.6927083333333334 0.31828703703703703 0.041666666666666664 0.03935185185185185
15 0.7222222222222222 0.36574074074074076 0.04861111111111111 0.06018518518518518
21 0.765625 0.30787037037037035 0.052083333333333336 0.05092592592592592
30 0.8003472222222222 0.2569444444444444 0.03819444444444445 0.041666666666666664
13 0.7473958333333334 0.21180555555555555 0.043402777777777776 0.0625