1 0.30801005747126436 0.20662715517241378 0.04489942528735632 0.04202586206896552
2 0.45267600574712646 0.2706088362068966 0.044360632183908046 0.05630387931034483
2 0.6205100574712644 0.5342133620689655 0.04777298850574713 0.045797413793103446
8 0.3370150862068966 0.33122306034482757 0.045797413793103446 0.0525323275862069
8 0.3806573275862069 0.3771551724137931 0.045797413793103446 0.05118534482758621
8 0.4639008620689655 0.3662446120689655 0.04489942528735632 0.037984913793103446
5 0.5492097701149425 0.2611799568965517 0.040948275862068964 0.0568426724137931
5 0.6872306034482759 0.2466325431034483 0.03430316091954023 0.06492456896551724
3 0.5774066091954023 0.3263739224137931 0.0334051724137931 0.06384698275862069
3 0.27738864942528735 0.42335668103448276 0.046515804597701146 0.0568426724137931
3 0.7270114942528736 0.32664331896551724 0.04525862068965517 0.04822198275862069
6 0.7275502873563219 0.4053071120689655 0.03017241379310345 0.06869612068965517
6 0.6751975574712644 0.513739224137931 0.025682471264367818 0.07112068965517242
0 0.3961925287356322 0.703125 0.042385057471264365 0.06303879310344827
7 0.6155711206896551 0.7288523706896551 0.0461566091954023 0.04714439655172414
7 0.7448814655172413 0.6866918103448276 0.03466235632183908 0.06303879310344827
4 0.5610632183908046 0.47238685344827586 0.03915229885057471 0.06815732758620689
16 0.36907327586206895 0.19773706896551724 0.04525862068965517 0.07112068965517242
16 0.2977729885057471 0.28192349137931033 0.041666666666666664 0.07408405172413793
16 0.5235272988505747 0.6285021551724138 0.05064655172413793 0.06411637931034483
17 0.3187859195402299 0.5832435344827587 0.05172413793103448 0.07650862068965517
17 0.40660919540229884 0.22898706896551724 0.04849137931034483 0.07219827586206896
12 0.4170258620689655 0.3119612068965517 0.03843390804597701 0.059267241379310345
12 0.3187859195402299 0.3890086206896552 0.03879310344827586 0.05441810344827586
15 0.34815014367816094 0.734375 0.05190373563218391 0.06303879310344827
15 0.6602011494252874 0.6037176724137931 0.035919540229885055 0.08081896551724138
15 0.6769935344827587 0.34442349137931033 0.03933189655172414 0.06546336206896551
9 0.4488146551724138 0.5620959051724138 0.03412356321839081 0.05037715517241379
9 0.7188397988505747 0.5212823275862069 0.03214798850574713 0.04849137931034483
11 0.5233477011494253 0.34307650862068967 0.023347701149425287 0.07408405172413793
14 0.5436422413793104 0.40692349137931033 0.04202586206896552 0.06546336206896551
11 0.33252514367816094 0.5068696120689655 0.02209051724137931 0.0746228448275862
13 0.37122844827586204 0.6330818965517241 0.042385057471264365 0.05872844827586207
10 0.6080280172413793 0.7959321120689655 0.04328304597701149 0.04768318965517242
10 0.2890625 0.71484375 0.04040948275862069 0.04714439655172414
13 0.6927083333333334 0.6627155172413793 0.03484195402298851 0.06303879310344827
23 0.3657507183908046 0.44329202586206895 0.05190373563218391 0.06384698275862069
25 0.3691630747126437 0.548895474137931 0.0490301724137931 0.07677801724137931
21 0.25188577586206895 0.5981950431034483 0.046875 0.04660560344827586
19 0.32839439655172414 0.787042025862069 0.03933189655172414 0.0546875
20 0.47126436781609193 0.7175377155172413 0.04418103448275862 0.05522629310344827
23 0.6786099137931034 0.7454202586206896 0.04076867816091954 0.08028017241379311
19 0.6029094827586207 0.6018318965517241 0.04705459770114943 0.02209051724137931
19 0.6861530172413793 0.42429956896551724 0.024964080459770114 0.06734913793103449
25 0.6292205459770115 0.44719827586206895 0.046515804597701146 0.07543103448275862
25 0.7310524425287356 0.5991379310344828 0.050107758620689655 0.05441810344827586
22 0.6204202586206896 0.19719827586206898 0.048670977011494254 0.0490301724137931
22 0.6067708333333334 0.2761314655172414 0.04005028735632184 0.07327586206896551
26 0.6474497126436781 0.26198814655172414 0.04454022988505747 0.07947198275862069
18 0.35901580459770116 0.2794989224137931 0.042385057471264365 0.060614224137931036
18 0.4327406609195402 0.7769396551724138 0.037176724137931036 0.06357758620689655
30 0.5557650862068966 0.7607758620689655 0.029274425287356323 0.05441810344827586
30 0.5651939655172413 0.6751077586206896 0.029454022988505746 0.04956896551724138
30 0.8043283045977011 0.642510775862069 0.03178879310344827 0.045797413793103446
33 0.6390086206896551 0.35358297413793105 0.03089080459770115 0.04714439655172414
33 0.2718211206896552 0.34132543103448276 0.03142959770114943 0.0447198275862069
33 0.41945043103448276 0.49690193965517243 0.03358477011494253 0.04714439655172414
28 0.2647270114942529 0.5286907327586207 0.03987068965517242 0.04983836206896552
27 0.30926724137931033 0.6528825431034483 0.03843390804597701 0.05199353448275862
29 0.4406429597701149 0.6639278017241379 0.030352011494252873 0.04714439655172414
29 0.4637212643678161 0.20635775862068967 0.029094827586206896 0.04525862068965517
33 0.4120869252873563 0.5932112068965517 0.032507183908045974 0.050107758620689655
29 0.5945581896551724 0.40934806034482757 0.029274425287356323 0.04822198275862069
32 0.6400862068965517 0.6759159482758621 0.03879310344827586 0.04040948275862069