24 0.31205100574712646 0.11355064655172414 0.051544540229885055 0.060614224137931036
13 0.2494612068965517 0.15193965517241378 0.04454022988505747 0.05387931034482758
8 0.3541666666666667 0.16985452586206898 0.05064655172413793 0.04714439655172414
8 0.2122844827586207 0.2179418103448276 0.04705459770114943 0.06627155172413793
6 0.18265086206896552 0.32044719827586204 0.029454022988505746 0.07785560344827586
3 0.2979525862068966 0.20810883620689655 0.04777298850574713 0.06115301724137931
3 0.4629130747126437 0.2941810344827586 0.03466235632183908 0.07165948275862069
3 0.49883261494252873 0.43615301724137934 0.0454382183908046 0.06788793103448276
8 0.3514727011494253 0.5387931034482759 0.03556034482758621 0.07112068965517242
0 0.48204022988505746 0.1536907327586207 0.03879310344827586 0.0660021551724138
4 0.5679777298850575 0.3341864224137931 0.052262931034482756 0.05630387931034483
2 0.5477729885057471 0.4916487068965517 0.05172413793103448 0.052801724137931036
9 0.37517959770114945 0.31263469827586204 0.039511494252873564 0.055765086206896554
10 0.36961206896551724 0.24851831896551724 0.05064655172413793 0.04175646551724138
10 0.12742456896551724 0.3581627155172414 0.028915229885057472 0.07085129310344827
18 0.16451149425287356 0.46066810344827586 0.03627873563218391 0.0668103448275862
25 0.22620330459770116 0.4089439655172414 0.05190373563218391 0.05495689655172414
20 0.2708333333333333 0.33674568965517243 0.048132183908045974 0.04418103448275862
19 0.25655531609195403 0.2568696120689655 0.03753591954022988 0.05199353448275862
23 0.24245689655172414 0.5140086206896551 0.05100574712643678 0.08135775862068965
21 0.19917385057471265 0.5843211206896551 0.04525862068965517 0.08135775862068965
22 0.14718031609195403 0.5855334051724138 0.046515804597701146 0.08270474137931035
21 0.44549209770114945 0.21336206896551724 0.052262931034482756 0.06303879310344827
25 0.5102370689655172 0.31707974137931033 0.052801724137931036 0.0625
16 0.32201867816091956 0.3030711206896552 0.033045977011494254 0.07704741379310345
14 0.31842672413793105 0.3915678879310345 0.05100574712643678 0.0568426724137931
14 0.3010057471264368 0.48679956896551724 0.051364942528735635 0.06627155172413793
14 0.5683369252873564 0.19032866379310345 0.04328304597701149 0.06977370689655173
13 0.5196659482758621 0.21888469827586207 0.0461566091954023 0.060614224137931036
15 0.4709949712643678 0.5837823275862069 0.03466235632183908 0.07650862068965517
12 0.5639367816091954 0.552801724137931 0.042385057471264365 0.05387931034482758
31 0.3806573275862069 0.3966864224137931 0.04974856321839081 0.04768318965517242
18 0.45492097701149425 0.3701508620689655 0.04741379310344827 0.059267241379310345
27 0.6000359195402298 0.27155172413793105 0.03879310344827586 0.05441810344827586
29 0.46048850574712646 0.7109375 0.0305316091954023 0.05387931034482758
30 0.5818965517241379 0.8211206896551724 0.03017241379310345 0.05387931034482758
32 0.5958153735632183 0.6936961206896551 0.028556034482758622 0.06357758620689655
12 0.5230783045977011 0.6162446120689655 0.03430316091954023 0.06330818965517242
14 0.3615301724137931 0.6316002155172413 0.035919540229885055 0.07516163793103449
16 0.41289511494252873 0.6624461206896551 0.040948275862068964 0.08459051724137931
11 0.19369612068965517 0.6845366379310345 0.03430316091954023 0.08081896551724138
20 0.3303699712643678 0.734375 0.03430316091954023 0.07758620689655173
19 0.5389727011494253 0.76171875 0.03017241379310345 0.06869612068965517
1 0.38873922413793105 0.7497306034482759 0.04328304597701149 0.06896551724137931
25 0.3310883620689655 0.8611260775862069 0.03394396551724138 0.08270474137931035
6 0.2775682471264368 0.7990301724137931 0.05190373563218391 0.05387931034482758
6 0.28313577586206895 0.7037984913793104 0.03178879310344827 0.08001077586206896
4 0.23697916666666666 0.7055495689655172 0.029274425287356323 0.08028017241379311
2 0.30423850574712646 0.6196120689655172 0.05387931034482758 0.04525862068965517
5 0.5777658045977011 0.6181303879310345 0.051364942528735635 0.05091594827586207
18 0.6883979885057471 0.7846174568965517 0.04992816091954023 0.057920258620689655
20 0.6665768678160919 0.5491648706896551 0.05118534482758621 0.05738146551724138
20 0.6804956896551724 0.3531788793103448 0.03627873563218391 0.07596982758620689
19 0.6302083333333334 0.3689385775862069 0.05028735632183908 0.033674568965517244
26 0.6146731321839081 0.4886853448275862 0.05836925287356322 0.07596982758620689
24 0.7292564655172413 0.32273706896551724 0.052262931034482756 0.050107758620689655
32 0.6839978448275862 0.4898976293103448 0.04328304597701149 0.04768318965517242
29 0.7318606321839081 0.5482219827586207 0.02658045977011494 0.04849137931034483
33 0.7288074712643678 0.6950431034482759 0.0319683908045977 0.05387931034482758
13 0.6665768678160919 0.6881734913793104 0.046875 0.06492456896551724
4 0.6430495689655172 0.6097790948275862 0.052262931034482756 0.060075431034482756
7 0.719378591954023 0.4168911637931034 0.0490301724137931 0.0525323275862069
11 0.6436781609195402 0.22413793103448276 0.03627873563218391 0.07112068965517242
16 0.6888469827586207 0.23787715517241378 0.03681752873563218 0.07543103448275862