5 0.12245657568238213 0.36437313926563014 0.06526054590570719 0.05127356930201786
9 0.2968982630272953 0.2611644062189878 0.04590570719602978 0.061197485941118096
9 0.47382133995037223 0.2783658617267615 0.04441687344913151 0.05921270261329805
9 0.5165012406947891 0.34502150181938473 0.04392059553349876 0.058220310949388024
10 0.46985111662531015 0.47932517366854116 0.03796526054590571 0.07542176645716175
7 0.21724565756823822 0.21071782997022825 0.041935483870967745 0.08336089976844195
26 0.267741935483871 0.3539530267945749 0.046153846153846156 0.09328481640754217
29 0.37990074441687344 0.17416473701620908 0.03771712158808933 0.057227919285478004
2 0.17518610421836228 0.4483956334766788 0.05806451612903226 0.06979821369500497
21 0.19106699751861042 0.5334105193516374 0.06650124069478908 0.08104531921931855
19 0.3359801488833747 0.38289778365861726 0.032754342431761785 0.07641415812107179
22 0.415136476426799 0.35693020178630497 0.044168734491315136 0.08534568309626199
3 0.41799007444168734 0.24942110486271915 0.04540942928039702 0.08402249421104863
23 0.27729528535980147 0.47800198478332784 0.06923076923076923 0.08534568309626199
15 0.3929280397022333 0.4392987098908369 0.0707196029776675 0.06020509427720807
28 0.31389578163771714 0.6023817399933841 0.039205955334987594 0.06748263314588157
30 0.24205955334987592 0.5898114455838571 0.03647642679900744 0.05292755540853457
17 0.4101736972704715 0.5373800860072775 0.05657568238213399 0.08435329143235197
10 0.1815136476426799 0.6672179953688389 0.05831265508684864 0.04631161098246775
24 0.23424317617866006 0.7320542507442938 0.06799007444168735 0.055573933178961296
23 0.22729528535980148 0.8256698643731393 0.050620347394540945 0.08931524975190208
28 0.34392059553349874 0.7388355937810123 0.04714640198511166 0.05127356930201786
2 0.29751861042183625 0.8139265630168706 0.06501240694789082 0.04333443599073768
14 0.34478908188585605 0.9019186238835594 0.06476426799007444 0.05921270261329805
11 0.4780397022332506 0.8084684088653655 0.0662531017369727 0.058220310949388024
11 0.5310173697270472 0.7280846840886537 0.03076923076923077 0.08997684419450877
12 0.44181141439205956 0.916639100231558 0.05384615384615385 0.0701290109163083
12 0.5208436724565757 0.8903407211379425 0.05359801488833747 0.06781343036718492
20 0.4055831265508685 0.630003307972213 0.06178660049627792 0.05127356930201786
15 0.42245657568238215 0.7265960965927886 0.0672456575682382 0.05987429705590473
28 0.5815136476426799 0.5565663248428713 0.04838709677419355 0.05127356930201786
26 0.3966501240694789 0.8374131657294078 0.07320099255583126 0.07641415812107179
33 0.47555831265508686 0.6581210717829971 0.0424317617866005 0.05590473040026464
29 0.6890818858560794 0.9030764141581211 0.04119106699751861 0.04631161098246775
15 0.7359801488833747 0.7117102216341382 0.0674937965260546 0.07376778035064506
15 0.8172456575682382 0.7024478994376447 0.049379652605459054 0.09560039695666557
26 0.663151364764268 0.8331128018524644 0.07419354838709677 0.08170691366192524
24 0.7681141439205955 0.8804168044988422 0.0672456575682382 0.0757525636784651
24 0.8905707196029776 0.7464439298709891 0.06401985111662531 0.07376778035064506
6 0.8477667493796526 0.6240489579887529 0.06575682382133995 0.057227919285478004
12 0.9305210918114144 0.6506781343036718 0.04764267990074442 0.0701290109163083
13 0.6669975186104219 0.742474363215349 0.05756823821339951 0.06979821369500497
31 0.7423076923076923 0.8094608005292756 0.06774193548387097 0.07476017201455508
7 0.8294044665012407 0.8026794574925571 0.06228287841191067 0.05193516374462454
17 0.5952853598014889 0.716341382732385 0.06104218362282878 0.0869996692027787
33 0.7774193548387097 0.6076744955342375 0.0401985111662531 0.05425074429374793
16 0.8950372208436724 0.5416804498842209 0.040694789081885854 0.09229242474363215
20 0.6873449131513648 0.5327489249090308 0.060049627791563275 0.06582864703936486
32 0.7728287841191067 0.5114125041349653 0.05235732009925558 0.048296394310287795
21 0.6265508684863523 0.6202447899437644 0.05607940446650124 0.08997684419450877
1 0.686848635235732 0.6311610982467747 0.04168734491315137 0.07806814422758848
21 0.7445409429280397 0.12884551769765135 0.041439205955334985 0.0869996692027787
14 0.6122828784119106 0.23900099239166392 0.049875930521091814 0.08435329143235197
18 0.6687344913151365 0.2732385047965597 0.046153846153846156 0.07343698312934172
1 0.7703473945409429 0.30731061859080383 0.06029776674937965 0.06086668871981475
2 0.7200992555831266 0.35560701290109165 0.060049627791563275 0.062189877605028115
17 0.8435483870967742 0.2896129672510751 0.054838709677419356 0.08104531921931855
16 0.8832506203473945 0.37611644062189875 0.07022332506203474 0.05358914985114125
32 0.7873449131513648 0.4202778696658948 0.03771712158808933 0.0757525636784651
33 0.6772952853598014 0.4392987098908369 0.0424317617866005 0.051604366523321205
32 0.6100496277915632 0.34998346013893483 0.05533498759305211 0.05094277208071452
6 0.5622828784119107 0.42342044326827655 0.062034739454094295 0.05689712206417466
3 0.6228287841191067 0.48974528613959645 0.06253101736972705 0.05987429705590473
5 0.8633995037220844 0.45815415150512734 0.06575682382133995 0.05292755540853457