0 0.3741319444444444 0.052083333333333336 0.050347222222222224 0.05787037037037037
0 0.2942708333333333 0.17708333333333334 0.050347222222222224 0.03935185185185185
8 0.4157986111111111 0.11921296296296297 0.046875 0.05324074074074074
6 0.4869791666666667 0.25462962962962965 0.029513888888888888 0.06944444444444445
5 0.3081597222222222 0.33564814814814814 0.050347222222222224 0.041666666666666664
5 0.3715277777777778 0.36921296296296297 0.03819444444444445 0.06712962962962964
28 0.4201388888888889 0.25578703703703703 0.034722222222222224 0.04861111111111111
27 0.2916666666666667 0.26273148148148145 0.03819444444444445 0.05787037037037037
31 0.3576388888888889 0.25810185185185186 0.052083333333333336 0.05324074074074074
29 0.4157986111111111 0.3506944444444444 0.036458333333333336 0.04861111111111111
32 0.3602430555555556 0.46875 0.03298611111111111 0.05324074074074074
33 0.21614583333333334 0.30787037037037035 0.036458333333333336 0.05092592592592592
29 0.5833333333333334 0.36921296296296297 0.03125 0.04398148148148148
9 0.2873263888888889 0.5162037037037037 0.03993055555555555 0.05555555555555555
11 0.5407986111111112 0.5011574074074074 0.046875 0.05787037037037037
15 0.3671875 0.1909722222222222 0.050347222222222224 0.05324074074074074
14 0.23350694444444445 0.20601851851851852 0.05381944444444445 0.05092592592592592
12 0.17881944444444445 0.23032407407407407 0.034722222222222224 0.05787037037037037
19 0.3559027777777778 0.11574074074074074 0.03125 0.05555555555555555
21 0.5138888888888888 0.07291666666666667 0.03125 0.07175925925925926
20 0.2569444444444444 0.3912037037037037 0.041666666666666664 0.06018518518518518
21 0.5572916666666666 0.25462962962962965 0.052083333333333336 0.041666666666666664
19 0.5842013888888888 0.45717592592592593 0.03993055555555555 0.05787037037037037
2 0.5625 0.18518518518518517 0.04861111111111111 0.046296296296296294
4 0.625 0.17592592592592593 0.052083333333333336 0.037037037037037035
3 0.6206597222222222 0.25578703703703703 0.026041666666666668 0.0625
2 0.6432291666666666 0.35185185185185186 0.026041666666666668 0.06944444444444445
30 0.5625 0.1111111111111111 0.034722222222222224 0.037037037037037035
14 0.6284722222222222 0.11458333333333333 0.04861111111111111 0.04861111111111111
10 0.23177083333333334 0.5567129629629629 0.046875 0.03935185185185185
10 0.20572916666666666 0.6319444444444444 0.050347222222222224 0.037037037037037035
10 0.2048611111111111 0.7881944444444444 0.03125 0.06712962962962964
11 0.2838541666666667 0.6238425925925926 0.043402777777777776 0.0625
9 0.24131944444444445 0.6944444444444444 0.041666666666666664 0.05092592592592592
16 0.18489583333333334 0.7129629629629629 0.043402777777777776 0.0787037037037037
16 0.2526041666666667 0.7766203703703703 0.03993055555555555 0.0763888888888889
17 0.3472222222222222 0.5798611111111112 0.041666666666666664 0.06712962962962964
17 0.3411458333333333 0.7407407407407407 0.05381944444444445 0.07407407407407407
15 0.4105902777777778 0.7071759259259259 0.057291666666666664 0.0625
13 0.3159722222222222 0.875 0.04861111111111111 0.05555555555555555
13 0.6059027777777778 0.7025462962962963 0.04513888888888889 0.06712962962962964
24 0.4192708333333333 0.5439814814814815 0.05381944444444445 0.05092592592592592
26 0.3567708333333333 0.65625 0.06076388888888889 0.0625
26 0.5217013888888888 0.6643518518518519 0.05381944444444445 0.08333333333333333
1 0.6085069444444444 0.5821759259259259 0.029513888888888888 0.07175925925925926
28 0.5564236111111112 0.5821759259259259 0.03993055555555555 0.04398148148148148
30 0.3359375 0.8171296296296297 0.03993055555555555 0.05092592592592592
18 0.6640625 0.44675925925925924 0.046875 0.05092592592592592
18 0.7361111111111112 0.6469907407407407 0.041666666666666664 0.05787037037037037
23 0.6571180555555556 0.5219907407407407 0.043402777777777776 0.07175925925925926
2 0.7387152777777778 0.5381944444444444 0.03298611111111111 0.06712962962962964
3 0.8055555555555556 0.59375 0.04513888888888889 0.0625
3 0.8454861111111112 0.5254629629629629 0.041666666666666664 0.06481481481481481
16 0.8211805555555556 0.4212962962962963 0.041666666666666664 0.07407407407407407
9 0.7829861111111112 0.49421296296296297 0.03819444444444445 0.04861111111111111
31 0.7578125 0.3923611111111111 0.050347222222222224 0.05787037037037037
31 0.6866319444444444 0.6018518518518519 0.03993055555555555 0.06944444444444445
27 0.6970486111111112 0.10416666666666667 0.03993055555555555 0.05555555555555555
32 0.7361111111111112 0.18055555555555555 0.03125 0.05555555555555555
33 0.7743055555555556 0.25810185185185186 0.03819444444444445 0.05324074074074074
2 0.7925347222222222 0.11805555555555555 0.043402777777777776 0.06481481481481481
6 0.7152777777777778 0.26273148148148145 0.03125 0.07175925925925926
5 0.6692708333333334 0.2743055555555556 0.029513888888888888 0.07175925925925926
1 0.6805555555555556 0.19212962962962962 0.034722222222222224 0.06944444444444445