13 0.11979166666666667 0.4888888888888889 0.052083333333333336 0.1037037037037037
29 0.18333333333333332 0.4842592592592593 0.041666666666666664 0.08333333333333333
6 0.24114583333333334 0.49166666666666664 0.042708333333333334 0.12037037037037036
16 0.30416666666666664 0.48518518518518516 0.04375 0.1259259259259259
32 0.365625 0.4861111111111111 0.0375 0.10185185185185185
10 0.4234375 0.48333333333333334 0.042708333333333334 0.11481481481481481
14 0.48489583333333336 0.48148148148148145 0.042708333333333334 0.11481481481481481
25 0.5442708333333334 0.47685185185185186 0.042708333333333334 0.12037037037037036
28 0.6078125 0.4703703703703704 0.042708333333333334 0.09259259259259259
6 0.6682291666666667 0.47685185185185186 0.040625 0.12407407407407407
0 0.7286458333333333 0.4777777777777778 0.042708333333333334 0.11481481481481481
18 0.7927083333333333 0.475 0.04791666666666667 0.11296296296296296
19 0.8552083333333333 0.4685185185185185 0.035416666666666666 0.13703703703703704
8 0.9203125 0.4648148148148148 0.05520833333333333 0.13333333333333333