22 0.053125 0.5537037037037037 0.05520833333333333 0.12037037037037036
22 0.7450520833333333 0.5564814814814815 0.05260416666666667 0.11481481481481481
2 0.11510416666666666 0.549537037037037 0.04895833333333333 0.11018518518518519
20 0.17604166666666668 0.549537037037037 0.051041666666666666 0.11574074074074074
15 0.23541666666666666 0.5439814814814815 0.05416666666666667 0.11574074074074074
23 0.2953125 0.5453703703703704 0.046875 0.11296296296296296
18 0.35651041666666666 0.5472222222222223 0.0453125 0.09259259259259259
18 0.41640625 0.5421296296296296 0.04739583333333333 0.11388888888888889
5 0.46927083333333336 0.5458333333333333 0.04479166666666667 0.11388888888888889
24 0.52578125 0.5476851851851852 0.050520833333333334 0.10833333333333334
6 0.57734375 0.5476851851851852 0.0421875 0.10462962962962963
7 0.6361979166666667 0.549537037037037 0.0421875 0.09722222222222222
30 0.6916666666666667 0.5527777777777778 0.046875 0.07592592592592592
10 0.8002604166666667 0.5583333333333333 0.0390625 0.09814814814814815