11 0.0796875 0.5606481481481481 0.06145833333333333 0.13055555555555556
11 0.3453125 0.5453703703703704 0.04479166666666667 0.12037037037037036
27 0.15416666666666667 0.5560185185185185 0.06041666666666667 0.1175925925925926
2 0.22057291666666667 0.5509259259259259 0.0421875 0.12037037037037036
16 0.2838541666666667 0.5467592592592593 0.05 0.1287037037037037
15 0.4005208333333333 0.5430555555555555 0.04895833333333333 0.11388888888888889
14 0.4546875 0.5347222222222222 0.03854166666666667 0.10277777777777777
14 0.5041666666666667 0.5342592592592592 0.0375 0.09814814814814815
10 0.5497395833333333 0.5282407407407408 0.03177083333333333 0.09907407407407408
20 0.5986979166666667 0.5296296296296297 0.03177083333333333 0.10185185185185185
4 0.64140625 0.5277777777777778 0.0296875 0.10185185185185185
12 0.6817708333333333 0.5268518518518519 0.034375 0.08333333333333333
12 0.7205729166666667 0.5226851851851851 0.030729166666666665 0.08055555555555556
17 0.7588541666666667 0.5203703703703704 0.040625 0.08703703703703704