8 0.9520833333333333 0.5120370370370371 0.035416666666666666 0.12407407407407407
19 0.9005208333333333 0.5157407407407407 0.034375 0.11666666666666667
18 0.84375 0.524074074074074 0.04375 0.1111111111111111
0 0.7822916666666667 0.5259259259259259 0.041666666666666664 0.1111111111111111
6 0.7276041666666667 0.5277777777777778 0.03854166666666667 0.11851851851851852
28 0.6692708333333334 0.5268518518518519 0.04479166666666667 0.08703703703703704
25 0.6114583333333333 0.5370370370370371 0.04791666666666667 0.11851851851851852
14 0.553125 0.5407407407407407 0.04791666666666667 0.11481481481481481
10 0.49583333333333335 0.5481481481481482 0.035416666666666666 0.11481481481481481
32 0.4354166666666667 0.5574074074074075 0.041666666666666664 0.10740740740740741
16 0.37552083333333336 0.5555555555555556 0.042708333333333334 0.13333333333333333
6 0.3140625 0.5675925925925925 0.04895833333333333 0.13518518518518519
29 0.2515625 0.5657407407407408 0.04479166666666667 0.08703703703703704
13 0.18802083333333333 0.5740740740740741 0.051041666666666666 0.11481481481481481