8 0.928125 0.5527777777777778 0.04375 0.09444444444444444
19 0.8692708333333333 0.5518518518518518 0.030208333333333334 0.08888888888888889
18 0.8161458333333333 0.5592592592592592 0.042708333333333334 0.08518518518518518
0 0.759375 0.562037037037037 0.03958333333333333 0.09074074074074075
6 0.7083333333333334 0.562037037037037 0.035416666666666666 0.09814814814814815
28 0.6520833333333333 0.5564814814814815 0.041666666666666664 0.07222222222222222
25 0.5953125 0.562037037037037 0.04479166666666667 0.09074074074074075
14 0.5416666666666666 0.562962962962963 0.0375 0.1
10 0.48489583333333336 0.5638888888888889 0.034375 0.08703703703703704
32 0.4296875 0.5675925925925925 0.036458333333333336 0.08333333333333333
16 0.37083333333333335 0.5666666666666667 0.041666666666666664 0.1
6 0.31354166666666666 0.5740740740740741 0.04375 0.0962962962962963
29 0.25625 0.575 0.041666666666666664 0.06851851851851852
13 0.1953125 0.575925925925926 0.04479166666666667 0.08518518518518518