11 0.09973958333333334 0.5486111111111112 0.0359375 0.10092592592592593
27 0.14270833333333333 0.5347222222222222 0.0375 0.09166666666666666
2 0.18932291666666667 0.5333333333333333 0.033854166666666664 0.10185185185185185
16 0.23567708333333334 0.5231481481481481 0.034895833333333334 0.1111111111111111
11 0.28463541666666664 0.5189814814814815 0.03802083333333333 0.10462962962962963
15 0.33697916666666666 0.5111111111111111 0.04479166666666667 0.11666666666666667
14 0.38723958333333336 0.500462962962963 0.0421875 0.10648148148148148
13 0.4393229166666667 0.48842592592592593 0.0453125 0.10277777777777777
10 0.49557291666666664 0.4787037037037037 0.033854166666666664 0.1111111111111111
20 0.55 0.47314814814814815 0.04479166666666667 0.11296296296296296
4 0.6114583333333333 0.46805555555555556 0.04375 0.13055555555555556
12 0.6700520833333333 0.45555555555555555 0.04739583333333333 0.1
12 0.7348958333333333 0.44537037037037036 0.04895833333333333 0.10555555555555556
17 0.8013020833333333 0.4375 0.0671875 0.125