13 0.1390625 0.5851851851851851 0.057291666666666664 0.1111111111111111
29 0.21041666666666667 0.5833333333333334 0.04791666666666667 0.07777777777777778
6 0.2765625 0.5898148148148148 0.042708333333333334 0.12777777777777777
16 0.3458333333333333 0.5833333333333334 0.05 0.12222222222222222
32 0.40677083333333336 0.5833333333333334 0.036458333333333336 0.1037037037037037
10 0.46927083333333336 0.5777777777777777 0.034375 0.10740740740740741
14 0.5307291666666667 0.575 0.04895833333333333 0.11666666666666667
25 0.5916666666666667 0.5722222222222222 0.05416666666666667 0.11851851851851852
28 0.6494791666666667 0.5731481481481482 0.042708333333333334 0.09814814814814815
6 0.7072916666666667 0.575925925925926 0.041666666666666664 0.11481481481481481
0 0.76875 0.5805555555555556 0.04791666666666667 0.11666666666666667
18 0.8234375 0.5805555555555556 0.04479166666666667 0.10925925925925926
19 0.8791666666666667 0.5740740740740741 0.035416666666666666 0.12222222222222222
8 0.934375 0.5731481481481482 0.05 0.13148148148148148