3 0.8888020833333333 0.5736111111111111 0.050520833333333334 0.11018518518518519
1 0.8255208333333334 0.575462962962963 0.04895833333333333 0.10833333333333334
13 0.7666666666666667 0.5800925925925926 0.04895833333333333 0.09907407407407408
13 0.7044270833333334 0.5824074074074074 0.0515625 0.1037037037037037
4 0.6463541666666667 0.5856481481481481 0.046875 0.11018518518518519
12 0.5893229166666667 0.5944444444444444 0.04635416666666667 0.1
33 0.5333333333333333 0.6 0.041666666666666664 0.07962962962962963
8 0.47708333333333336 0.6060185185185185 0.040625 0.11018518518518519
24 0.4200520833333333 0.6078703703703704 0.04635416666666667 0.11203703703703703
0 0.36328125 0.6148148148148148 0.0421875 0.1037037037037037
26 0.3072916666666667 0.6143518518518518 0.04375 0.11388888888888889
19 0.24973958333333332 0.6212962962962963 0.03177083333333333 0.10555555555555556
3 0.19583333333333333 0.6259259259259259 0.041666666666666664 0.0962962962962963
21 0.13932291666666666 0.6287037037037037 0.04635416666666667 0.10925925925925926