9 0.07291666666666667 0.49722222222222223 0.04479166666666667 0.08333333333333333
30 0.125 0.49166666666666664 0.0375 0.07777777777777778
23 0.17994791666666668 0.49212962962962964 0.0453125 0.10462962962962963
23 0.5934895833333333 0.4842592592592593 0.0421875 0.10555555555555556
3 0.23463541666666668 0.4888888888888889 0.03697916666666667 0.0962962962962963
13 0.28515625 0.49537037037037035 0.043229166666666666 0.1037037037037037
21 0.33932291666666664 0.48842592592592593 0.04010416666666667 0.10277777777777777
16 0.3885416666666667 0.487962962962963 0.035416666666666666 0.10740740740740741
1 0.44192708333333336 0.4847222222222222 0.033854166666666664 0.10462962962962963
15 0.4921875 0.4837962962962963 0.042708333333333334 0.10462962962962963
0 0.5416666666666666 0.4898148148148148 0.03854166666666667 0.1
20 0.64453125 0.48657407407407405 0.04010416666666667 0.10462962962962963
22 0.7473958333333334 0.487962962962963 0.034375 0.10740740740740741
0 0.6955729166666667 0.48703703703703705 0.04635416666666667 0.09814814814814815