11 0.1796875 0.5648148148148148 0.04895833333333333 0.1111111111111111
18 0.23854166666666668 0.5546296296296296 0.041666666666666664 0.09814814814814815
20 0.2916666666666667 0.55 0.0375 0.1037037037037037
26 0.3463541666666667 0.5425925925925926 0.04479166666666667 0.1111111111111111
27 0.4 0.5370370370370371 0.041666666666666664 0.08888888888888889
1 0.4546875 0.5296296296296297 0.040625 0.10740740740740741
31 0.5036458333333333 0.5185185185185185 0.040625 0.1111111111111111
15 0.5567708333333333 0.5148148148148148 0.04479166666666667 0.11851851851851852
19 0.6072916666666667 0.5083333333333333 0.029166666666666667 0.10185185185185185
0 0.6578125 0.5 0.042708333333333334 0.10740740740740741
9 0.7098958333333333 0.4935185185185185 0.042708333333333334 0.09444444444444444
17 0.7604166666666666 0.47962962962962963 0.04791666666666667 0.1
30 0.8098958333333334 0.47314814814814815 0.040625 0.06851851851851852
15 0.8614583333333333 0.4703703703703704 0.041666666666666664 0.10740740740740741
21 0.9125 0.46574074074074073 0.041666666666666664 0.10555555555555556
10 0.9630208333333333 0.4583333333333333 0.036458333333333336 0.10185185185185185