32 0.03854166666666667 0.49907407407407406 0.04375 0.09814814814814815
4 0.09296875 0.5 0.04114583333333333 0.10740740740740741
18 0.14609375 0.49953703703703706 0.044270833333333336 0.10462962962962963
26 0.20234375 0.48842592592592593 0.0484375 0.12129629629629629
25 0.2591145833333333 0.4837962962962963 0.05260416666666667 0.1175925925925926
14 0.3125 0.4828703703703704 0.046875 0.10833333333333334
9 0.36614583333333334 0.48657407407407405 0.04375 0.08611111111111111
17 0.4192708333333333 0.47962962962962963 0.04895833333333333 0.1
14 0.4703125 0.4824074074074074 0.036458333333333336 0.11481481481481481
7 0.5268229166666667 0.475 0.0484375 0.11481481481481481
25 0.578125 0.47638888888888886 0.046875 0.10833333333333334
11 0.63046875 0.47685185185185186 0.0390625 0.11296296296296296
0 0.6828125 0.47175925925925927 0.041666666666666664 0.09351851851851851
7 0.7395833333333334 0.475 0.03854166666666667 0.10555555555555556
19 0.7919270833333333 0.46435185185185185 0.0328125 0.11944444444444445