11 0.18697916666666667 0.5768518518518518 0.04895833333333333 0.10925925925925926
18 0.24166666666666667 0.5685185185185185 0.041666666666666664 0.0962962962962963
20 0.29583333333333334 0.562037037037037 0.04583333333333333 0.10925925925925926
26 0.34739583333333335 0.5546296296296296 0.046875 0.11666666666666667
27 0.40260416666666665 0.5527777777777778 0.042708333333333334 0.09074074074074075
1 0.4510416666666667 0.5462962962962963 0.03333333333333333 0.0962962962962963
31 0.5026041666666666 0.5416666666666666 0.04479166666666667 0.10555555555555556
15 0.5546875 0.5333333333333333 0.042708333333333334 0.10740740740740741
19 0.6046875 0.524074074074074 0.028125 0.1111111111111111
0 0.6567708333333333 0.5212962962962963 0.036458333333333336 0.09814814814814815
9 0.7046875 0.5092592592592593 0.042708333333333334 0.07777777777777778
17 0.7552083333333334 0.5027777777777778 0.04791666666666667 0.10555555555555556
27 0.8046875 0.4962962962962963 0.040625 0.07777777777777778
15 0.8546875 0.49537037037037035 0.040625 0.10925925925925926
21 0.9036458333333334 0.4888888888888889 0.040625 0.1037037037037037
10 0.9552083333333333 0.48518518518518516 0.029166666666666667 0.10740740740740741