9 0.05130208333333333 0.46435185185185185 0.05260416666666667 0.08981481481481482
30 0.1078125 0.46111111111111114 0.04375 0.08888888888888889
23 0.16458333333333333 0.45231481481481484 0.051041666666666666 0.10648148148148148
23 0.6119791666666666 0.4273148148148148 0.051041666666666666 0.10648148148148148
3 0.22239583333333332 0.44537037037037036 0.04583333333333333 0.10555555555555556
13 0.2794270833333333 0.4462962962962963 0.049479166666666664 0.09074074074074075
21 0.33645833333333336 0.43703703703703706 0.04479166666666667 0.10185185185185185
16 0.3919270833333333 0.43472222222222223 0.0421875 0.1175925925925926
1 0.44947916666666665 0.4300925925925926 0.04479166666666667 0.10277777777777777
15 0.5015625 0.43194444444444446 0.04895833333333333 0.11203703703703703
0 0.5567708333333333 0.4300925925925926 0.041666666666666664 0.09722222222222222
0 0.7244791666666667 0.42268518518518516 0.041666666666666664 0.09722222222222222
20 0.6666666666666666 0.42453703703703705 0.04375 0.10462962962962963
22 0.7794270833333333 0.42083333333333334 0.04739583333333333 0.10462962962962963