9 0.054427083333333334 0.46435185185185185 0.0515625 0.09537037037037037
14 0.11380208333333333 0.4625 0.050520833333333334 0.10462962962962963
10 0.17473958333333334 0.4583333333333333 0.04635416666666667 0.12037037037037036
18 0.23203125 0.4583333333333333 0.050520833333333334 0.10185185185185185
8 0.29375 0.45740740740740743 0.05 0.10925925925925926
8 0.7484375 0.4398148148148148 0.05 0.10925925925925926
11 0.35 0.4583333333333333 0.04895833333333333 0.11296296296296296
5 0.4088541666666667 0.44675925925925924 0.03854166666666667 0.11203703703703703
20 0.46432291666666664 0.4449074074074074 0.0421875 0.10462962962962963
26 0.52109375 0.44537037037037036 0.050520833333333334 0.11666666666666667
28 0.5791666666666667 0.44166666666666665 0.040625 0.08703703703703704
2 0.6348958333333333 0.44212962962962965 0.03958333333333333 0.11018518518518519
6 0.8072916666666666 0.4361111111111111 0.03854166666666667 0.1111111111111111
22 0.69375 0.44027777777777777 0.04375 0.10277777777777777