9 0.090625 0.5199074074074074 0.05625 0.09722222222222222
14 0.16223958333333333 0.5171296296296296 0.05260416666666667 0.12129629629629629
10 0.22734375 0.5120370370370371 0.0421875 0.11481481481481481
18 0.290625 0.5092592592592593 0.051041666666666666 0.10925925925925926
8 0.3502604166666667 0.5060185185185185 0.049479166666666664 0.11944444444444445
11 0.4088541666666667 0.500462962962963 0.04791666666666667 0.11388888888888889
5 0.4627604166666667 0.4925925925925926 0.04114583333333333 0.10925925925925926
20 0.5161458333333333 0.48842592592592593 0.041666666666666664 0.10833333333333334
26 0.5661458333333333 0.4828703703703704 0.04375 0.11944444444444445
28 0.6145833333333334 0.48194444444444445 0.040625 0.07685185185185185
2 0.6638020833333333 0.48148148148148145 0.030729166666666665 0.1037037037037037
22 0.7106770833333333 0.47962962962962963 0.0328125 0.11296296296296296
8 0.7567708333333333 0.4787037037037037 0.03229166666666667 0.10185185185185185
6 0.8013020833333333 0.4708333333333333 0.030729166666666665 0.10092592592592593