24 0.23098958333333333 0.524074074074074 0.05572916666666667 0.1425925925925926
24 0.3528645833333333 0.5481481481481482 0.04635416666666667 0.1259259259259259
9 0.29609375 0.5375 0.0515625 0.08796296296296297
25 0.40651041666666665 0.5560185185185185 0.04635416666666667 0.1175925925925926
16 0.45651041666666664 0.5625 0.04010416666666667 0.11944444444444445
1 0.5013020833333334 0.5689814814814815 0.034895833333333334 0.10833333333333334
17 0.5450520833333333 0.5703703703703704 0.044270833333333336 0.1037037037037037
1 0.5846354166666666 0.5837962962962963 0.0296875 0.10648148148148148
29 0.621875 0.5962962962962963 0.025 0.06666666666666667
2 0.6572916666666667 0.600462962962963 0.030208333333333334 0.10277777777777777
12 0.6908854166666667 0.6111111111111112 0.03177083333333333 0.08518518518518518
3 0.7247395833333333 0.6152777777777778 0.024479166666666666 0.08796296296296297
31 0.7528645833333333 0.6217592592592592 0.028645833333333332 0.09166666666666666
10 0.78046875 0.6296296296296297 0.022395833333333334 0.08703703703703704