24 0.12942708333333333 0.6564814814814814 0.033854166666666664 0.10185185185185185
24 0.20598958333333334 0.6347222222222222 0.03177083333333333 0.10648148148148148
25 0.24791666666666667 0.6199074074074075 0.035416666666666666 0.09722222222222222
16 0.28958333333333336 0.6069444444444444 0.03125 0.10462962962962963
9 0.16770833333333332 0.6449074074074074 0.034375 0.06759259259259259
1 0.33125 0.5902777777777778 0.03333333333333333 0.10277777777777777
1 0.42239583333333336 0.5592592592592592 0.03229166666666667 0.10740740740740741
17 0.3770833333333333 0.5694444444444444 0.041666666666666664 0.10185185185185185
29 0.46822916666666664 0.5453703703703704 0.03333333333333333 0.07222222222222222
2 0.5208333333333334 0.5333333333333333 0.036458333333333336 0.10925925925925926
12 0.5703125 0.5236111111111111 0.03854166666666667 0.09537037037037037
3 0.6247395833333333 0.5009259259259259 0.04010416666666667 0.11296296296296296
31 0.68125 0.48703703703703705 0.04895833333333333 0.1111111111111111
10 0.7424479166666667 0.4685185185185185 0.04010416666666667 0.11666666666666667