19 0.05807291666666667 0.5856481481481481 0.0421875 0.13425925925925927
21 0.13098958333333333 0.5879629629629629 0.0578125 0.12777777777777777
33 0.20078125 0.5930555555555556 0.05260416666666667 0.11203703703703703
31 0.26796875 0.5925925925925926 0.05260416666666667 0.13703703703703704
31 0.5830729166666667 0.6055555555555555 0.050520833333333334 0.11666666666666667
27 0.3341145833333333 0.5962962962962963 0.050520833333333334 0.10185185185185185
27 0.46171875 0.5981481481481481 0.04739583333333333 0.11666666666666667
27 0.7057291666666666 0.6171296296296296 0.05 0.10277777777777777
29 0.39739583333333334 0.5939814814814814 0.04479166666666667 0.075
29 0.8786458333333333 0.624537037037037 0.04375 0.08055555555555556
28 0.8205729166666667 0.6268518518518519 0.0453125 0.09259259259259259
4 0.7627604166666667 0.6180555555555556 0.044270833333333336 0.12129629629629629
30 0.6427083333333333 0.6074074074074074 0.04583333333333333 0.08888888888888889
23 0.5247395833333334 0.600925925925926 0.05260416666666667 0.12222222222222222