9 0.09375 0.5055555555555555 0.057291666666666664 0.09259259259259259
30 0.15677083333333333 0.5018518518518519 0.04791666666666667 0.07962962962962963
23 0.22057291666666667 0.4912037037037037 0.0546875 0.10648148148148148
23 0.66171875 0.44537037037037036 0.043229166666666666 0.1
3 0.28229166666666666 0.48148148148148145 0.040625 0.1037037037037037
13 0.3390625 0.4777777777777778 0.046875 0.09259259259259259
21 0.39739583333333334 0.46620370370370373 0.042708333333333334 0.10462962962962963
16 0.4515625 0.46574074074074073 0.040625 0.10925925925925926
1 0.50625 0.45740740740740743 0.03229166666666667 0.1
15 0.5575520833333333 0.45694444444444443 0.044270833333333336 0.10462962962962963
0 0.6106770833333334 0.4564814814814815 0.03802083333333333 0.09259259259259259
0 0.7591145833333334 0.4388888888888889 0.03802083333333333 0.09259259259259259
20 0.7098958333333333 0.4444444444444444 0.03854166666666667 0.09814814814814815
22 0.8057291666666667 0.4361111111111111 0.041666666666666664 0.1037037037037037