8 0.9432291666666667 0.5314814814814814 0.040625 0.11481481481481481
19 0.8859375 0.5370370370370371 0.021875 0.1037037037037037
18 0.8286458333333333 0.5462962962962963 0.040625 0.0962962962962963
0 0.7729166666666667 0.5518518518518518 0.0375 0.11481481481481481
6 0.715625 0.5564814814814815 0.041666666666666664 0.11296296296296296
28 0.6604166666666667 0.5611111111111111 0.03958333333333333 0.08518518518518518
25 0.603125 0.562962962962963 0.04375 0.1111111111111111
14 0.546875 0.5712962962962963 0.041666666666666664 0.11296296296296296
10 0.48802083333333335 0.5740740740740741 0.036458333333333336 0.1037037037037037
32 0.4296875 0.5851851851851851 0.04479166666666667 0.0962962962962963
16 0.3729166666666667 0.5907407407407408 0.04583333333333333 0.11851851851851852
6 0.3098958333333333 0.6 0.046875 0.11851851851851852
29 0.2484375 0.6046296296296296 0.04895833333333333 0.07962962962962963
13 0.18697916666666667 0.6138888888888889 0.051041666666666666 0.10185185185185185