11 0.10859375 0.5092592592592593 0.05572916666666667 0.1537037037037037
11 0.3692708333333333 0.525 0.040625 0.1259259259259259
27 0.18541666666666667 0.5157407407407407 0.058333333333333334 0.1425925925925926
2 0.2526041666666667 0.5226851851851851 0.04479166666666667 0.1398148148148148
16 0.31197916666666664 0.5212962962962963 0.052083333333333336 0.13148148148148148
15 0.41901041666666666 0.5328703703703703 0.0421875 0.125
14 0.46536458333333336 0.5319444444444444 0.04010416666666667 0.1175925925925926
13 0.5104166666666666 0.5282407407407408 0.036458333333333336 0.09907407407407408
10 0.55 0.5351851851851852 0.026041666666666668 0.1037037037037037
20 0.5877604166666667 0.5375 0.0296875 0.09351851851851851
4 0.6234375 0.5425925925925926 0.027083333333333334 0.0962962962962963
12 0.6559895833333333 0.5449074074074074 0.024479166666666666 0.07685185185185185
12 0.6875 0.5462962962962963 0.025 0.06851851851851852
17 0.7174479166666666 0.5527777777777778 0.030729166666666665 0.08703703703703704