32 0.07734375 0.5819444444444445 0.044270833333333336 0.10462962962962963
4 0.14427083333333332 0.5939814814814814 0.05416666666666667 0.11018518518518519
18 0.21015625 0.5935185185185186 0.05677083333333333 0.10185185185185185
26 0.27369791666666665 0.5884259259259259 0.0546875 0.12129629629629629
25 0.33541666666666664 0.5916666666666667 0.053125 0.1111111111111111
25 0.6838541666666667 0.6092592592592593 0.053125 0.1111111111111111
14 0.39505208333333336 0.5986111111111111 0.04739583333333333 0.10833333333333334
9 0.45651041666666664 0.6055555555555555 0.0453125 0.0962962962962963
17 0.5151041666666667 0.6018518518518519 0.05520833333333333 0.11481481481481481
14 0.5708333333333333 0.6050925925925926 0.04375 0.11388888888888889
7 0.62890625 0.6027777777777777 0.0453125 0.10740740740740741
7 0.8549479166666667 0.6199074074074075 0.043229166666666666 0.11203703703703703
11 0.7411458333333333 0.6129629629629629 0.052083333333333336 0.1111111111111111
0 0.7997395833333333 0.6189814814814815 0.044270833333333336 0.11574074074074074
19 0.90546875 0.6166666666666667 0.03697916666666667 0.10740740740740741