6 0.08567708333333333 0.6967592592592593 0.0296875 0.09537037037037037
28 0.12942708333333333 0.687962962962963 0.03697916666666667 0.0962962962962963
26 0.16848958333333333 0.6814814814814815 0.03802083333333333 0.1037037037037037
32 0.21145833333333333 0.6680555555555555 0.03125 0.0824074074074074
29 0.2552083333333333 0.6583333333333333 0.030208333333333334 0.07777777777777778
8 0.30052083333333335 0.6513888888888889 0.034375 0.10277777777777777
15 0.3458333333333333 0.6425925925925926 0.036458333333333336 0.10925925925925926
5 0.39453125 0.6291666666666667 0.0328125 0.10833333333333334
16 0.44375 0.6175925925925926 0.03854166666666667 0.12222222222222222
33 0.4947916666666667 0.6037037037037037 0.04791666666666667 0.08148148148148149
18 0.5440104166666667 0.5939814814814814 0.04635416666666667 0.10462962962962963
21 0.5997395833333333 0.586574074074074 0.04635416666666667 0.11944444444444445
17 0.6552083333333333 0.5694444444444444 0.057291666666666664 0.11481481481481481
31 0.7151041666666667 0.5550925925925926 0.0625 0.12314814814814815