19 0.061197916666666664 0.44351851851851853 0.03802083333333333 0.12407407407407407
21 0.12239583333333333 0.4476851851851852 0.04791666666666667 0.1175925925925926
33 0.18177083333333333 0.43796296296296294 0.046875 0.08333333333333333
31 0.24244791666666668 0.43796296296296294 0.05260416666666667 0.11296296296296296
31 0.5322916666666667 0.43703703703703706 0.046875 0.10740740740740741
27 0.30390625 0.44212962962962965 0.04635416666666667 0.09907407407407408
27 0.41953125 0.43425925925925923 0.04739583333333333 0.10740740740740741
27 0.6442708333333333 0.4393518518518518 0.04479166666666667 0.10462962962962963
29 0.36223958333333334 0.4393518518518518 0.0484375 0.08055555555555556
29 0.81484375 0.44305555555555554 0.04114583333333333 0.08425925925925926
23 0.47630208333333335 0.43472222222222223 0.0453125 0.10833333333333334
30 0.58984375 0.43657407407407406 0.043229166666666666 0.08611111111111111
4 0.7015625 0.4351851851851852 0.041666666666666664 0.12037037037037036
28 0.7544270833333333 0.43842592592592594 0.043229166666666666 0.09537037037037037