24 0.15807291666666667 0.6222222222222222 0.030729166666666665 0.10185185185185185
24 0.22630208333333332 0.6106481481481482 0.03177083333333333 0.10277777777777777
9 0.18984375 0.6171296296296296 0.0328125 0.0712962962962963
25 0.2604166666666667 0.6055555555555555 0.036458333333333336 0.10185185185185185
16 0.296875 0.5962962962962963 0.035416666666666666 0.11296296296296296
1 0.33697916666666666 0.5833333333333334 0.03854166666666667 0.10740740740740741
17 0.37864583333333335 0.5689814814814815 0.04479166666666667 0.09722222222222222
1 0.42213541666666665 0.5671296296296297 0.03802083333333333 0.11018518518518519
29 0.46484375 0.5578703703703703 0.0421875 0.08055555555555556
2 0.5169270833333334 0.549074074074074 0.04010416666666667 0.11666666666666667
12 0.5658854166666667 0.5430555555555555 0.043229166666666666 0.09537037037037037
3 0.6229166666666667 0.5305555555555556 0.046875 0.12407407407407407
31 0.6825520833333333 0.5226851851851851 0.05260416666666667 0.12314814814814815
10 0.7455729166666667 0.5078703703703704 0.04010416666666667 0.1287037037037037