11 0.09947916666666666 0.38796296296296295 0.042708333333333334 0.10555555555555556
18 0.14739583333333334 0.39444444444444443 0.03854166666666667 0.0962962962962963
20 0.19479166666666667 0.40555555555555556 0.0375 0.1
26 0.24270833333333333 0.412962962962963 0.04375 0.1111111111111111
27 0.290625 0.4287037037037037 0.0375 0.09074074074074075
1 0.3411458333333333 0.43148148148148147 0.036458333333333336 0.1037037037037037
31 0.3921875 0.44351851851851853 0.042708333333333334 0.10555555555555556
15 0.4432291666666667 0.44907407407407407 0.040625 0.11296296296296296
19 0.4947916666666667 0.4601851851851852 0.035416666666666666 0.10555555555555556
0 0.5484375 0.46944444444444444 0.03854166666666667 0.10555555555555556
9 0.603125 0.475 0.04791666666666667 0.08703703703703704
17 0.6588541666666666 0.48518518518518516 0.053125 0.1111111111111111
30 0.7177083333333333 0.4962962962962963 0.041666666666666664 0.08148148148148149
15 0.7755208333333333 0.5064814814814815 0.05520833333333333 0.12407407407407407
21 0.8354166666666667 0.5212962962962963 0.052083333333333336 0.12037037037037036
10 0.8963541666666667 0.5361111111111111 0.03854166666666667 0.12407407407407407