13 0.0609375 0.44351851851851853 0.042708333333333334 0.09814814814814815
29 0.11197916666666667 0.4425925925925926 0.036458333333333336 0.07407407407407407
6 0.1625 0.44351851851851853 0.0375 0.11666666666666667
16 0.215625 0.44074074074074077 0.0375 0.12222222222222222
32 0.26875 0.44351851851851853 0.0375 0.10185185185185185
10 0.3234375 0.43796296296296294 0.030208333333333334 0.11666666666666667
14 0.3796875 0.44166666666666665 0.03854166666666667 0.11666666666666667
25 0.4359375 0.44074074074074077 0.046875 0.1259259259259259
28 0.4942708333333333 0.4351851851851852 0.042708333333333334 0.0962962962962963
6 0.5546875 0.4425925925925926 0.042708333333333334 0.12962962962962962
0 0.6171875 0.44351851851851853 0.03854166666666667 0.12037037037037036
0 0.6802083333333333 0.44074074074074077 0.04791666666666667 0.1037037037037037
19 0.7484375 0.4361111111111111 0.034375 0.13148148148148148
8 0.8161458333333333 0.43703703703703706 0.046875 0.13333333333333333