13 0.13177083333333334 0.5361111111111111 0.059375 0.12407407407407407
29 0.20208333333333334 0.5333333333333333 0.04791666666666667 0.09259259259259259
6 0.26875 0.5361111111111111 0.05416666666666667 0.13148148148148148
16 0.33697916666666666 0.5296296296296297 0.046875 0.12222222222222222
32 0.4041666666666667 0.524074074074074 0.041666666666666664 0.1111111111111111
10 0.465625 0.5259259259259259 0.041666666666666664 0.11481481481481481
14 0.5291666666666667 0.5175925925925926 0.04583333333333333 0.12407407407407407
25 0.5880208333333333 0.5166666666666667 0.053125 0.1259259259259259
28 0.6494791666666667 0.512962962962963 0.042708333333333334 0.0962962962962963
6 0.709375 0.5175925925925926 0.041666666666666664 0.11666666666666667
0 0.7661458333333333 0.5175925925925926 0.046875 0.10925925925925926
18 0.8260416666666667 0.5120370370370371 0.041666666666666664 0.11296296296296296
19 0.88125 0.5083333333333333 0.027083333333333334 0.11296296296296296
8 0.9385416666666667 0.5018518518518519 0.05 0.12222222222222222