13 0.09635416666666667 0.49444444444444446 0.03854166666666667 0.1037037037037037
29 0.1515625 0.49444444444444446 0.036458333333333336 0.07037037037037037
6 0.20260416666666667 0.4925925925925926 0.03854166666666667 0.11851851851851852
16 0.2609375 0.4898148148148148 0.042708333333333334 0.12407407407407407
32 0.31666666666666665 0.4888888888888889 0.0375 0.1037037037037037
10 0.37083333333333335 0.4824074074074074 0.0375 0.11296296296296296
14 0.42864583333333334 0.4787037037037037 0.046875 0.11296296296296296
25 0.4864583333333333 0.47685185185185186 0.04583333333333333 0.12037037037037036
28 0.546875 0.47314814814814815 0.03958333333333333 0.09444444444444444
6 0.6052083333333333 0.4759259259259259 0.0375 0.12962962962962962
0 0.6671875 0.4777777777777778 0.042708333333333334 0.11481481481481481
18 0.7328125 0.4740740740740741 0.042708333333333334 0.11481481481481481
19 0.7973958333333333 0.462037037037037 0.028125 0.13148148148148148
8 0.8630208333333333 0.46574074074074073 0.04479166666666667 0.13148148148148148