24 0.14609375 0.6583333333333333 0.030729166666666665 0.10185185185185185
24 0.21875 0.6416666666666667 0.030208333333333334 0.10740740740740741
25 0.2552083333333333 0.6328703703703704 0.034375 0.09907407407407408
9 0.1828125 0.6532407407407408 0.036458333333333336 0.07685185185185185
16 0.29270833333333335 0.6226851851851852 0.035416666666666666 0.11388888888888889
1 0.3359375 0.611574074074074 0.030208333333333334 0.11018518518518519
17 0.3770833333333333 0.5893518518518519 0.04479166666666667 0.11018518518518519
1 0.421875 0.5837962962962963 0.03854166666666667 0.11388888888888889
29 0.46822916666666664 0.5726851851851852 0.040625 0.08055555555555556
2 0.5197916666666667 0.562962962962963 0.04479166666666667 0.11851851851851852
12 0.5697916666666667 0.5518518518518518 0.04375 0.0962962962962963
3 0.6283854166666667 0.5351851851851852 0.04635416666666667 0.12777777777777777
31 0.6861979166666666 0.5254629629629629 0.0515625 0.12314814814814815
10 0.7486979166666666 0.5078703703703704 0.04010416666666667 0.12314814814814815