9 0.19453125 0.38981481481481484 0.0609375 0.1
30 0.26067708333333334 0.3902777777777778 0.0484375 0.08981481481481482
23 0.32083333333333336 0.38842592592592595 0.046875 0.1287037037037037
23 0.6869791666666667 0.3962962962962963 0.03333333333333333 0.10185185185185185
3 0.3770833333333333 0.38564814814814813 0.03854166666666667 0.1175925925925926
13 0.42994791666666665 0.3925925925925926 0.04114583333333333 0.09444444444444444
21 0.48098958333333336 0.3912037037037037 0.0359375 0.11203703703703703
16 0.5247395833333334 0.39166666666666666 0.0328125 0.10555555555555556
1 0.5703125 0.38981481481481484 0.025 0.0962962962962963
15 0.6119791666666666 0.39444444444444443 0.03229166666666667 0.10555555555555556
0 0.6486979166666667 0.39537037037037037 0.0234375 0.09259259259259259
0 0.7575520833333333 0.39814814814814814 0.0234375 0.09259259259259259
20 0.7216145833333333 0.40046296296296297 0.025520833333333333 0.09351851851851851
22 0.7903645833333334 0.4023148148148148 0.025520833333333333 0.10092592592592593