32 0.1015625 0.5106481481481482 0.04791666666666667 0.13425925925925927
4 0.17291666666666666 0.5060185185185185 0.04791666666666667 0.13240740740740742
7 0.5986979166666667 0.5083333333333333 0.03177083333333333 0.1111111111111111
7 0.753125 0.5138888888888888 0.03229166666666667 0.09444444444444444
0 0.71875 0.5083333333333333 0.034375 0.08148148148148149
18 0.23645833333333333 0.512962962962963 0.05 0.11666666666666667
26 0.296875 0.5064814814814815 0.05 0.12962962962962962
25 0.3541666666666667 0.5083333333333333 0.05 0.10555555555555556
25 0.6411458333333333 0.5097222222222222 0.035416666666666666 0.10277777777777777
19 0.78828125 0.5111111111111111 0.0203125 0.09259259259259259
14 0.4075520833333333 0.5097222222222222 0.0453125 0.10648148148148148
9 0.45989583333333334 0.5148148148148148 0.05 0.08888888888888889
17 0.5091145833333334 0.5055555555555555 0.044270833333333336 0.10185185185185185
14 0.5565104166666667 0.5069444444444444 0.034895833333333334 0.10092592592592593
9 0.6825520833333333 0.5097222222222222 0.028645833333333332 0.10277777777777777