6 0.10651041666666666 0.4601851851851852 0.04635416666666667 0.1037037037037037
28 0.16015625 0.46435185185185185 0.04114583333333333 0.07314814814814814
26 0.21875 0.46296296296296297 0.05520833333333333 0.10925925925925926
32 0.27239583333333334 0.46296296296296297 0.04375 0.08703703703703704
32 0.32890625 0.4671296296296296 0.04010416666666667 0.06574074074074074
8 0.38255208333333335 0.4689814814814815 0.04010416666666667 0.11018518518518519
15 0.4361979166666667 0.4703703703703704 0.0453125 0.1
5 0.48854166666666665 0.46805555555555556 0.0375 0.10648148148148148
16 0.54296875 0.4708333333333333 0.0453125 0.10648148148148148
33 0.5947916666666667 0.475 0.04375 0.07037037037037037
18 0.6471354166666666 0.47175925925925927 0.04010416666666667 0.09722222222222222
21 0.6981770833333333 0.475 0.0453125 0.1
17 0.7533854166666667 0.47129629629629627 0.0515625 0.09814814814814815
31 0.80625 0.4726851851851852 0.053125 0.09907407407407408