9 0.15833333333333333 0.6842592592592592 0.029166666666666667 0.06851851851851852
30 0.19661458333333334 0.6824074074074075 0.030729166666666665 0.05925925925925926
23 0.2375 0.6685185185185185 0.03229166666666667 0.09259259259259259
23 0.60234375 0.587037037037037 0.0421875 0.10925925925925926
3 0.28203125 0.6592592592592592 0.0234375 0.08333333333333333
13 0.3223958333333333 0.6504629629629629 0.029166666666666667 0.08425925925925926
21 0.36640625 0.637962962962963 0.04010416666666667 0.09074074074074075
16 0.4153645833333333 0.6287037037037037 0.03697916666666667 0.10185185185185185
1 0.4583333333333333 0.6185185185185185 0.03333333333333333 0.1037037037037037
15 0.5049479166666667 0.6087962962962963 0.03802083333333333 0.09907407407407408
0 0.5541666666666667 0.6064814814814815 0.040625 0.10555555555555556
20 0.6546875 0.5805555555555556 0.035416666666666666 0.10185185185185185
4 0.7661458333333333 0.5648148148148148 0.057291666666666664 0.12962962962962962
18 0.70703125 0.5712962962962963 0.04635416666666667 0.1111111111111111