29 0.24479166666666666 0.2025462962962963 0.034722222222222224 0.04398148148148148
28 0.328125 0.1712962962962963 0.041666666666666664 0.046296296296296294
27 0.3602430555555556 0.3402777777777778 0.043402777777777776 0.05555555555555555
30 0.3003472222222222 0.34837962962962965 0.034722222222222224 0.04861111111111111
30 0.4079861111111111 0.49074074074074076 0.03125 0.046296296296296294
27 0.5355902777777778 0.36574074074074076 0.043402777777777776 0.05092592592592592
32 0.4175347222222222 0.2835648148148148 0.03993055555555555 0.04398148148148148
32 0.3559027777777778 0.41435185185185186 0.041666666666666664 0.037037037037037035
31 0.1328125 0.2604166666666667 0.050347222222222224 0.07175925925925926
1 0.3871527777777778 0.2152777777777778 0.04513888888888889 0.06018518518518518
5 0.3194444444444444 0.24537037037037038 0.04861111111111111 0.05555555555555555
6 0.2569444444444444 0.4131944444444444 0.04861111111111111 0.05787037037037037
2 0.2890625 0.49421296296296297 0.046875 0.0625
6 0.1935763888888889 0.44560185185185186 0.043402777777777776 0.06712962962962964
21 0.16319444444444445 0.39351851851851855 0.04861111111111111 0.07407407407407407
22 0.2170138888888889 0.33912037037037035 0.052083333333333336 0.07175925925925926
14 0.2664930555555556 0.27546296296296297 0.05381944444444445 0.05555555555555555
4 0.1831597222222222 0.2962962962962963 0.046875 0.06481481481481481
12 0.109375 0.37037037037037035 0.04861111111111111 0.05555555555555555
3 0.4513888888888889 0.3460648148148148 0.034722222222222224 0.06712962962962964
23 0.5190972222222222 0.18518518518518517 0.052083333333333336 0.0787037037037037
17 0.19270833333333334 0.5543981481481481 0.05555555555555555 0.07175925925925926
7 0.1579861111111111 0.6238425925925926 0.03819444444444445 0.06712962962962964
17 0.125 0.6921296296296297 0.05555555555555555 0.06944444444444445
17 0.13368055555555555 0.7789351851851852 0.05555555555555555 0.0763888888888889
16 0.1953125 0.7847222222222222 0.036458333333333336 0.08333333333333333
15 0.2152777777777778 0.6932870370370371 0.04513888888888889 0.0763888888888889
15 0.3211805555555556 0.5879629629629629 0.041666666666666664 0.06944444444444445
14 0.3784722222222222 0.7210648148148148 0.03819444444444445 0.06712962962962964
17 0.5425347222222222 0.5694444444444444 0.03993055555555555 0.06481481481481481
12 0.3012152777777778 0.7210648148148148 0.05381944444444445 0.04861111111111111
4 0.2621527777777778 0.6180555555555556 0.05555555555555555 0.05092592592592592
28 0.4279513888888889 0.5671296296296297 0.03993055555555555 0.041666666666666664
28 0.5625 0.6574074074074074 0.034722222222222224 0.05092592592592592
27 0.3515625 0.8125 0.036458333333333336 0.046296296296296294
18 0.4444444444444444 0.6527777777777778 0.04861111111111111 0.05092592592592592
5 0.5182291666666666 0.7569444444444444 0.03993055555555555 0.06944444444444445
0 0.6163194444444444 0.5763888888888888 0.03125 0.06944444444444445
7 0.6553819444444444 0.6898148148148148 0.036458333333333336 0.06944444444444445
3 0.7118055555555556 0.6851851851851852 0.052083333333333336 0.046296296296296294
8 0.7717013888888888 0.7256944444444444 0.036458333333333336 0.07175925925925926
4 0.8411458333333334 0.7361111111111112 0.050347222222222224 0.06481481481481481
32 0.6831597222222222 0.8263888888888888 0.046875 0.046296296296296294
16 0.78125 0.8449074074074074 0.05555555555555555 0.046296296296296294
10 0.6067708333333334 0.7974537037037037 0.036458333333333336 0.0625
2 0.7578125 0.6076388888888888 0.05381944444444445 0.04398148148148148
31 0.8402777777777778 0.6261574074074074 0.04861111111111111 0.0763888888888889
31 0.7630208333333334 0.5162037037037037 0.057291666666666664 0.06018518518518518
33 0.6953125 0.5393518518518519 0.03993055555555555 0.046296296296296294
25 0.8237847222222222 0.5196759259259259 0.046875 0.0763888888888889
8 0.5876736111111112 0.4548611111111111 0.05381944444444445 0.04861111111111111
27 0.8116319444444444 0.11226851851851852 0.046875 0.04861111111111111
27 0.6362847222222222 0.23032407407407407 0.03993055555555555 0.0625
33 0.8211805555555556 0.2349537037037037 0.034722222222222224 0.04861111111111111
0 0.7274305555555556 0.11458333333333333 0.052083333333333336 0.05787037037037037
0 0.7578125 0.2199074074074074 0.03298611111111111 0.06481481481481481
13 0.5868055555555556 0.11689814814814815 0.04861111111111111 0.05324074074074074
18 0.5720486111111112 0.22106481481481483 0.046875 0.05324074074074074
19 0.6805555555555556 0.3333333333333333 0.024305555555555556 0.06944444444444445
21 0.6467013888888888 0.39699074074074076 0.057291666666666664 0.07175925925925926
23 0.5954861111111112 0.3113425925925926 0.04513888888888889 0.0763888888888889
26 0.7361111111111112 0.34837962962962965 0.04513888888888889 0.08101851851851852
26 0.7994791666666666 0.34953703703703703 0.0642361111111111 0.06018518518518518
24 0.6883680555555556 0.21064814814814814 0.03993055555555555 0.0787037037037037