31 0.24739583333333334 0.06944444444444445 0.057291666666666664 0.06481481481481481
32 0.24739583333333334 0.2951388888888889 0.03993055555555555 0.03935185185185185
9 0.18055555555555555 0.22453703703703703 0.03819444444444445 0.05092592592592592
11 0.3185763888888889 0.10648148148148148 0.03298611111111111 0.06944444444444445
13 0.21614583333333334 0.15625 0.046875 0.05787037037037037
17 0.1371527777777778 0.27546296296296297 0.059027777777777776 0.07407407407407407
0 0.18836805555555555 0.3148148148148148 0.03298611111111111 0.06481481481481481
19 0.2065972222222222 0.3958333333333333 0.017361111111111112 0.06944444444444445
23 0.3194444444444444 0.39699074074074076 0.052083333333333336 0.04861111111111111
23 0.4088541666666667 0.33912037037037035 0.050347222222222224 0.04398148148148148
25 0.3993055555555556 0.26967592592592593 0.052083333333333336 0.05787037037037037
2 0.2569444444444444 0.2175925925925926 0.04861111111111111 0.046296296296296294
2 0.3263888888888889 0.25578703703703703 0.052083333333333336 0.04398148148148148
2 0.4765625 0.24189814814814814 0.03993055555555555 0.0625
4 0.4079861111111111 0.16898148148148148 0.034722222222222224 0.06481481481481481
33 0.3307291666666667 0.18171296296296297 0.036458333333333336 0.04398148148148148
17 0.3046875 0.32407407407407407 0.043402777777777776 0.06481481481481481
4 0.20833333333333334 0.48842592592592593 0.04861111111111111 0.06018518518518518
1 0.2543402777777778 0.5902777777777778 0.036458333333333336 0.06481481481481481
1 0.3203125 0.5682870370370371 0.029513888888888888 0.0625
8 0.3342013888888889 0.7870370370370371 0.05381944444444445 0.05092592592592592
6 0.4010416666666667 0.6354166666666666 0.04861111111111111 0.04861111111111111
8 0.15538194444444445 0.6122685185185185 0.046875 0.05787037037037037
14 0.2439236111111111 0.8206018518518519 0.03298611111111111 0.06712962962962964
13 0.1449652777777778 0.7673611111111112 0.043402777777777776 0.06712962962962964
24 0.1501736111111111 0.8738425925925926 0.046875 0.06712962962962964
30 0.18489583333333334 0.6921296296296297 0.05381944444444445 0.07407407407407407
30 0.2977430555555556 0.5023148148148148 0.05381944444444445 0.05555555555555555
30 0.4748263888888889 0.48726851851851855 0.03298611111111111 0.06712962962962964
22 0.3828125 0.4988425925925926 0.05381944444444445 0.05324074074074074
24 0.3819444444444444 0.5706018518518519 0.052083333333333336 0.05787037037037037
28 0.3263888888888889 0.6655092592592593 0.034722222222222224 0.05787037037037037
28 0.421875 0.7280092592592593 0.03819444444444445 0.04861111111111111
18 0.5026041666666666 0.5856481481481481 0.046875 0.041666666666666664
18 0.5078125 0.7488425925925926 0.043402777777777776 0.05787037037037037
15 0.625 0.8703703703703703 0.04861111111111111 0.06944444444444445
14 0.6866319444444444 0.8472222222222222 0.03298611111111111 0.06481481481481481
10 0.7447916666666666 0.7835648148148148 0.04513888888888889 0.03935185185185185
9 0.6171875 0.7604166666666666 0.036458333333333336 0.05324074074074074
29 0.6927083333333334 0.7372685185185185 0.034722222222222224 0.04398148148148148
30 0.7708333333333334 0.6631944444444444 0.034722222222222224 0.03935185185185185
2 0.6354166666666666 0.6759259259259259 0.03819444444444445 0.06481481481481481
7 0.5876736111111112 0.5798611111111112 0.043402777777777776 0.05787037037037037
18 0.7404513888888888 0.5960648148148148 0.043402777777777776 0.04861111111111111
20 0.6675347222222222 0.5775462962962963 0.046875 0.05787037037037037
26 0.6145833333333334 0.5115740740740741 0.034722222222222224 0.06944444444444445
5 0.5616319444444444 0.49189814814814814 0.050347222222222224 0.04398148148148148
1 0.7161458333333334 0.42476851851851855 0.050347222222222224 0.04398148148148148
6 0.5520833333333334 0.3900462962962963 0.052083333333333336 0.03935185185185185
3 0.6666666666666666 0.24768518518518517 0.041666666666666664 0.06018518518518518
7 0.6831597222222222 0.1574074074074074 0.03993055555555555 0.05555555555555555
16 0.6223958333333334 0.1886574074074074 0.05381944444444445 0.05787037037037037
13 0.7430555555555556 0.2048611111111111 0.041666666666666664 0.05787037037037037
15 0.7196180555555556 0.3587962962962963 0.050347222222222224 0.05092592592592592
11 0.5373263888888888 0.3020833333333333 0.03993055555555555 0.06712962962962964
11 0.6310763888888888 0.2881944444444444 0.043402777777777776 0.05324074074074074
27 0.5798611111111112 0.27314814814814814 0.034722222222222224 0.05555555555555555
30 0.5512152777777778 0.19675925925925927 0.029513888888888888 0.041666666666666664
32 0.6909722222222222 0.3125 0.03819444444444445 0.037037037037037035
21 0.7638888888888888 0.30092592592592593 0.052083333333333336 0.05092592592592592
30 0.7986111111111112 0.2511574074074074 0.03125 0.03935185185185185
25 0.6397569444444444 0.375 0.05381944444444445 0.05092592592592592