1 0.2657147988505747 0.11691810344827586 0.046875 0.061422413793103446
1 0.23374640804597702 0.1796875 0.046515804597701146 0.0668103448275862
8 0.23266882183908047 0.3064385775862069 0.05190373563218391 0.060614224137931036
6 0.3173491379310345 0.2706088362068966 0.05316091954022988 0.0525323275862069
1 0.3975395114942529 0.2790948275862069 0.046875 0.05387931034482758
0 0.5447198275862069 0.3147898706896552 0.0326867816091954 0.0746228448275862
0 0.5570222701149425 0.15032327586206898 0.04005028735632184 0.07165948275862069
7 0.5989583333333334 0.10317887931034483 0.035919540229885055 0.07273706896551724
3 0.4032866379310345 0.07893318965517242 0.046875 0.06357758620689655
8 0.33189655172413796 0.10627693965517242 0.04705459770114943 0.06169181034482758
4 0.26373922413793105 0.47198275862068967 0.048670977011494254 0.06734913793103449
21 0.2728987068965517 0.35142780172413796 0.05046695402298851 0.07947198275862069
24 0.3474317528735632 0.31963900862068967 0.055136494252873564 0.06115301724137931
25 0.3073814655172414 0.18521012931034483 0.05441810344827586 0.07785560344827586
23 0.4198096264367816 0.16163793103448276 0.03825431034482758 0.07219827586206896
19 0.5839619252873564 0.2283135775862069 0.025323275862068964 0.06977370689655173
25 0.6250897988505747 0.17174030172413793 0.05549568965517242 0.06546336206896551
26 0.6365840517241379 0.40651939655172414 0.057291666666666664 0.052801724137931036
4 0.3883800287356322 0.5712553879310345 0.04974856321839081 0.07085129310344827
24 0.5352909482758621 0.4074622844827586 0.04005028735632184 0.0816271551724138
22 0.5567528735632183 0.49286099137931033 0.054238505747126436 0.04660560344827586
17 0.3628771551724138 0.1531519396551724 0.055854885057471264 0.07354525862068965
15 0.37212643678160917 0.2273706896551724 0.048132183908045974 0.07165948275862069
16 0.4990122126436782 0.15894396551724138 0.05621408045977012 0.059267241379310345
9 0.5825251436781609 0.41419719827586204 0.037176724137931036 0.0703125
9 0.6367636494252874 0.24582435344827586 0.03969109195402299 0.0568426724137931
9 0.4859913793103448 0.5327316810344828 0.036637931034482756 0.05630387931034483
15 0.38469827586206895 0.37109375 0.04489942528735632 0.07839439655172414
13 0.4005028735632184 0.4515086206896552 0.04777298850574713 0.06788793103448276
11 0.43920617816091956 0.49299568965517243 0.03466235632183908 0.08081896551724138
10 0.3083692528735632 0.5577855603448276 0.04418103448275862 0.06384698275862069
16 0.6479885057471264 0.32273706896551724 0.057112068965517244 0.05765086206896552
11 0.617816091954023 0.5231681034482759 0.05064655172413793 0.05334051724137931
16 0.2400323275862069 0.5339439655172413 0.05441810344827586 0.07704741379310345
31 0.47835847701149425 0.25538793103448276 0.04040948275862069 0.07596982758620689
30 0.4906609195402299 0.32839439655172414 0.03627873563218391 0.04956896551724138
29 0.5910560344827587 0.3263739224137931 0.02658045977011494 0.06115301724137931
28 0.5692349137931034 0.5825700431034483 0.03825431034482758 0.060614224137931036
33 0.5308908045977011 0.22804418103448276 0.03843390804597701 0.055765086206896554
18 0.20438218390804597 0.6480334051724138 0.04489942528735632 0.06923491379310345
28 0.3210308908045977 0.4057112068965517 0.04076867816091954 0.0447198275862069
30 0.33001077586206895 0.47117456896551724 0.04256465517241379 0.05441810344827586
32 0.5235272988505747 0.611260775862069 0.036637931034482756 0.05441810344827586
0 0.42941810344827586 0.6391433189655172 0.04597701149425287 0.0660021551724138
32 0.31205100574712646 0.7312769396551724 0.03430316091954023 0.055765086206896554
12 0.26607399425287354 0.7917564655172413 0.04040948275862069 0.07596982758620689
20 0.2478448275862069 0.6986799568965517 0.04777298850574713 0.0746228448275862
20 0.27936422413793105 0.6162446120689655 0.0490301724137931 0.06654094827586207
10 0.3479705459770115 0.6263469827586207 0.04328304597701149 0.0625
11 0.556573275862069 0.6761853448275862 0.03017241379310345 0.08135775862068965
14 0.38029813218390807 0.6930226293103449 0.04974856321839081 0.07839439655172414
7 0.3588362068965517 0.8103448275862069 0.033045977011494254 0.08028017241379311
2 0.41657686781609193 0.775323275862069 0.03753591954022988 0.08512931034482758
7 0.5262212643678161 0.783135775862069 0.04454022988505747 0.0625
6 0.5862068965517241 0.7485183189655172 0.04849137931034483 0.0703125
8 0.615930316091954 0.6539601293103449 0.049389367816091954 0.06492456896551724
3 0.6617277298850575 0.775457974137931 0.055136494252873564 0.06438577586206896
3 0.6755567528735632 0.7016433189655172 0.05334051724137931 0.06492456896551724
2 0.6818426724137931 0.5425646551724138 0.05298132183908046 0.0490301724137931
17 0.6805854885057471 0.6128771551724138 0.052262931034482756 0.0625
18 0.677801724137931 0.4721174568965517 0.04992816091954023 0.051454741379310345
5 0.6912715517241379 0.39089439655172414 0.0326867816091954 0.07543103448275862
26 0.7075251436781609 0.30455280172413796 0.03753591954022988 0.08378232758620689