26 0.20896192528735633 0.14682112068965517 0.04040948275862069 0.05603448275862069
20 0.30082614942528735 0.1058728448275862 0.029454022988505746 0.0447198275862069
19 0.3855962643678161 0.2855603448275862 0.02442528735632184 0.04310344827586207
19 0.43301005747126436 0.2745150862068966 0.009339080459770116 0.05387931034482758
24 0.24398347701149425 0.28448275862068967 0.03753591954022988 0.046875
25 0.18570402298850575 0.2917564655172414 0.03735632183908046 0.05603448275862069
5 0.17717313218390804 0.22454202586206898 0.036458333333333336 0.030441810344827586
7 0.22126436781609196 0.21713362068965517 0.02693965517241379 0.052801724137931036
0 0.32219827586206895 0.2265625 0.0334051724137931 0.03125
2 0.35272988505747127 0.36705280172413796 0.021551724137931036 0.0525323275862069
6 0.27891522988505746 0.3622036637931034 0.021551724137931036 0.05307112068965517
14 0.18489583333333334 0.3682650862068966 0.03214798850574713 0.052801724137931036
12 0.38622485632183906 0.2114762931034483 0.02819683908045977 0.03771551724137931
28 0.3793103448275862 0.1658135775862069 0.028376436781609195 0.03475215517241379
11 0.25448994252873564 0.12728987068965517 0.03735632183908046 0.0234375
32 0.4170258620689655 0.36853448275862066 0.02550287356321839 0.03286637931034483
22 0.25646551724137934 0.49811422413793105 0.034482758620689655 0.037176724137931036
26 0.2946300287356322 0.6655441810344828 0.042923850574712645 0.0568426724137931
20 0.39978448275862066 0.505792025862069 0.03089080459770115 0.048760775862068964
23 0.4894037356321839 0.6802262931034483 0.027298850574712645 0.05172413793103448
20 0.5336745689655172 0.6869612068965517 0.02209051724137931 0.05603448275862069
18 0.5358297413793104 0.7816540948275862 0.030352011494252873 0.044989224137931036
1 0.38945761494252873 0.78125 0.03502155172413793 0.036637931034482756
6 0.3495869252873563 0.6608297413793104 0.026760057471264368 0.05441810344827586
0 0.26329022988505746 0.6297144396551724 0.0319683908045977 0.0525323275862069
12 0.32677801724137934 0.5339439655172413 0.02747844827586207 0.04956896551724138
17 0.24479166666666666 0.5711206896551724 0.03807471264367816 0.05441810344827586
13 0.2429956896551724 0.747979525862069 0.0326867816091954 0.0568426724137931
14 0.28870330459770116 0.7606411637931034 0.031070402298850573 0.05522629310344827
15 0.32435344827586204 0.7152478448275862 0.031609195402298854 0.05980603448275862
11 0.491558908045977 0.5542834051724138 0.01939655172413793 0.05845905172413793
29 0.36269755747126436 0.7266971982758621 0.025323275862068964 0.0369073275862069
27 0.38200431034482757 0.6219019396551724 0.029813218390804596 0.03852370689655173
28 0.4093031609195402 0.5685614224137931 0.02693965517241379 0.03151939655172414
31 0.42564655172413796 0.6227101293103449 0.02658045977011494 0.0546875
31 0.3905352011494253 0.6825161637931034 0.028915229885057472 0.05738146551724138
9 0.7085129310344828 0.7311422413793104 0.02550287356321839 0.03825431034482758
12 0.6187140804597702 0.7315463362068966 0.034482758620689655 0.03852370689655173
15 0.5752514367816092 0.7365301724137931 0.02658045977011494 0.05603448275862069
16 0.6358656609195402 0.5998114224137931 0.030711206896551723 0.05845905172413793
1 0.6491558908045977 0.6732219827586207 0.03538074712643678 0.04633620689655173
6 0.5575610632183908 0.6087015086206896 0.038613505747126436 0.0390625
0 0.6291307471264368 0.5258620689655172 0.03017241379310345 0.052262931034482756
10 0.5836027298850575 0.5650592672413793 0.03394396551724138 0.0369073275862069
10 0.5620510057471264 0.49973060344827586 0.019216954022988505 0.04633620689655173
28 0.6842672413793104 0.5773168103448276 0.027658045977011495 0.037176724137931036
32 0.6847162356321839 0.6481681034482759 0.02209051724137931 0.04525862068965517
32 0.6892959770114943 0.4703663793103448 0.03089080459770115 0.03286637931034483
27 0.5548670977011494 0.4005926724137931 0.030352011494252873 0.03825431034482758
27 0.6382004310344828 0.40759698275862066 0.024604885057471264 0.04633620689655173
33 0.5295438218390804 0.21996228448275862 0.022808908045977013 0.037984913793103446
11 0.5013469827586207 0.30495689655172414 0.032507183908045974 0.0447198275862069
17 0.6173670977011494 0.29377693965517243 0.037895114942528736 0.053609913793103446
18 0.4937140804597701 0.3760775862068966 0.028735632183908046 0.04040948275862069
21 0.6026400862068966 0.36085668103448276 0.03753591954022988 0.048760775862068964
23 0.6690912356321839 0.27087823275862066 0.037176724137931036 0.0546875
9 0.5722880747126436 0.23828125 0.024604885057471264 0.03744612068965517
30 0.5440912356321839 0.15921336206896552 0.023168103448275863 0.037176724137931036
8 0.5046695402298851 0.12648168103448276 0.03699712643678161 0.03636853448275862
7 0.5993175287356322 0.14870689655172414 0.023347701149425287 0.05549568965517242
2 0.6603807471264368 0.11907327586206896 0.022988505747126436 0.050107758620689655
1 0.7077945402298851 0.1567887931034483 0.029813218390804596 0.04633620689655173
2 0.647808908045977 0.20864762931034483 0.028735632183908046 0.049299568965517244
4 0.5670797413793104 0.3353987068965517 0.02783764367816092 0.052801724137931036