29 0.2265625 0.23450969827586207 0.03322557471264368 0.048760775862068964
31 0.438128591954023 0.16042564655172414 0.05549568965517242 0.07085129310344827
32 0.22144396551724138 0.43952047413793105 0.02693965517241379 0.06492456896551724
32 0.5316091954022989 0.41540948275862066 0.03915229885057471 0.045797413793103446
28 0.5785739942528736 0.4552801724137931 0.03430316091954023 0.05441810344827586
29 0.6080280172413793 0.3129040948275862 0.03178879310344827 0.04768318965517242
27 0.5779454022988506 0.18089978448275862 0.03879310344827586 0.0568426724137931
30 0.5088900862068966 0.1505926724137931 0.028556034482758622 0.052801724137931036
4 0.2796336206896552 0.1536907327586207 0.04382183908045977 0.06977370689655173
3 0.3280352011494253 0.19625538793103448 0.045797413793103446 0.06546336206896551
18 0.3073814655172414 0.2650862068965517 0.042205459770114945 0.05872844827586207
24 0.2520653735632184 0.3036099137931034 0.052262931034482756 0.06734913793103449
20 0.34330100574712646 0.38604525862068967 0.03538074712643678 0.06896551724137931
23 0.38613505747126436 0.19719827586206898 0.04849137931034483 0.08189655172413793
26 0.5139188218390804 0.23141163793103448 0.05836925287356322 0.06627155172413793
22 0.5400502873563219 0.2901400862068966 0.054238505747126436 0.05765086206896552
18 0.19082255747126436 0.5152209051724138 0.045797413793103446 0.060614224137931036
21 0.5843211206896551 0.6278286637931034 0.05549568965517242 0.06438577586206896
19 0.6033584770114943 0.5348868534482759 0.04040948275862069 0.0568426724137931
18 0.19064295977011494 0.6597521551724138 0.04040948275862069 0.0668103448275862
16 0.26535560344827586 0.49865301724137934 0.037176724137931036 0.08135775862068965
16 0.3219288793103448 0.5161637931034483 0.04076867816091954 0.08566810344827586
11 0.4454022988505747 0.38873922413793105 0.04525862068965517 0.06627155172413793
14 0.4631824712643678 0.47629310344827586 0.04489942528735632 0.07704741379310345
13 0.41639727011494254 0.5246497844827587 0.0461566091954023 0.0660021551724138
11 0.3776041666666667 0.6131465517241379 0.03466235632183908 0.07650862068965517
14 0.29436063218390807 0.5899784482758621 0.05100574712643678 0.05818965517241379
16 0.41226652298850575 0.2761314655172414 0.0454382183908046 0.08081896551724138
24 0.23123204022988506 0.6082974137931034 0.04005028735632184 0.08512931034482758
8 0.4977550287356322 0.5558997844827587 0.04005028735632184 0.06977370689655173
6 0.5765086206896551 0.36584051724137934 0.05064655172413793 0.05549568965517242
6 0.4661458333333333 0.2782866379310345 0.037895114942528736 0.06573275862068965
0 0.1577765804597701 0.5930765086206896 0.047234195402298854 0.055765086206896554
10 0.27262931034482757 0.6749730603448276 0.04454022988505747 0.05091594827586207
9 0.2174030172413793 0.7312769396551724 0.03825431034482758 0.0568426724137931
7 0.1619073275862069 0.8473868534482759 0.03681752873563218 0.07947198275862069
33 0.2926544540229885 0.8728448275862069 0.03214798850574713 0.05334051724137931
30 0.33719468390804597 0.6752424568965517 0.03214798850574713 0.04768318965517242
30 0.5474137931034483 0.7353178879310345 0.033764367816091954 0.05037715517241379
27 0.6128771551724138 0.8937230603448276 0.04400143678160919 0.060614224137931036
0 0.44082255747126436 0.8244881465517241 0.05190373563218391 0.05199353448275862
3 0.5033225574712644 0.8125 0.030711206896551723 0.07974137931034483
9 0.35488505747126436 0.8771551724137931 0.03843390804597701 0.05818965517241379
15 0.4208872126436782 0.9137931034482759 0.048670977011494254 0.07650862068965517
21 0.38820043103448276 0.7610452586206896 0.05262212643678161 0.08081896551724138
26 0.4156788793103448 0.6740301724137931 0.05549568965517242 0.09428879310344827
13 0.4922772988505747 0.6547683189655172 0.04597701149425287 0.06546336206896551
31 0.2967852011494253 0.7346443965517241 0.05765086206896552 0.07596982758620689
14 0.6898347701149425 0.8516971982758621 0.03699712643678161 0.08432112068965517
12 0.6782507183908046 0.7632004310344828 0.045797413793103446 0.05334051724137931
15 0.6647808908045977 0.6792834051724138 0.05549568965517242 0.06815732758620689
9 0.6516702586206896 0.5797413793103449 0.03681752873563218 0.05387931034482758
10 0.7196479885057471 0.5339439655172413 0.04454022988505747 0.05872844827586207
17 0.6584051724137931 0.4888200431034483 0.04777298850574713 0.06546336206896551
11 0.6311063218390804 0.4074622844827586 0.054238505747126436 0.02882543103448276
5 0.7077945402298851 0.6088362068965517 0.04849137931034483 0.06303879310344827
3 0.7703843390804598 0.6518049568965517 0.052262931034482756 0.0568426724137931
22 0.6372126436781609 0.1411637931034483 0.053520114942528736 0.05441810344827586
2 0.6938757183908046 0.4110991379310345 0.049389367816091954 0.04956896551724138
33 0.6577765804597702 0.3426724137931034 0.03178879310344827 0.04956896551724138
33 0.7196479885057471 0.34779094827586204 0.033764367816091954 0.050107758620689655
7 0.6330818965517241 0.23329741379310345 0.032327586206896554 0.07489224137931035
5 0.6835488505747126 0.1888469827586207 0.048132183908045974 0.05818965517241379
6 0.7496408045977011 0.22413793103448276 0.03843390804597701 0.06734913793103449
14 0.6945941091954023 0.2556573275862069 0.052262931034482756 0.06411637931034483