4 0.09833829365079365 0.27116402116402116 0.06671626984126984 0.05357142857142857
5 0.09709821428571429 0.1908068783068783 0.06671626984126984 0.05489417989417989
6 0.17981150793650794 0.17278439153439154 0.06398809523809523 0.05257936507936508
2 0.27318948412698413 0.3728505291005291 0.04985119047619048 0.08167989417989419
8 0.23635912698412698 0.4912367724867725 0.06299603174603174 0.05919312169312169
10 0.11222718253968254 0.3621031746031746 0.035962301587301584 0.08267195767195767
11 0.353546626984127 0.19560185185185186 0.041914682539682536 0.08895502645502645
12 0.35181051587301587 0.33019179894179895 0.05679563492063492 0.06779100529100529
12 0.3845486111111111 0.48644179894179895 0.05530753968253968 0.06547619047619048
13 0.28137400793650796 0.16236772486772486 0.061755952380952384 0.07671957671957672
14 0.43179563492063494 0.3386243386243386 0.05505952380952381 0.08597883597883597
17 0.1987847222222222 0.33878968253968256 0.060267857142857144 0.07242063492063493
19 0.30753968253968256 0.4826388888888889 0.030753968253968252 0.08498677248677249
22 0.19072420634920634 0.41947751322751325 0.06845238095238096 0.054563492063492064
24 0.2951388888888889 0.25462962962962965 0.05704365079365079 0.09259259259259259
32 0.1817956349206349 0.26240079365079366 0.054563492063492064 0.04861111111111111
31 0.3648313492063492 0.41187169312169314 0.06994047619047619 0.07903439153439154
25 0.4045138888888889 0.2478505291005291 0.07043650793650794 0.08697089947089948
21 0.1232638888888889 0.7397486772486772 0.04117063492063492 0.08928571428571429
22 0.3939732142857143 0.7182539682539683 0.06374007936507936 0.05489417989417989
24 0.3244047619047619 0.6588955026455027 0.07142857142857142 0.07043650793650794
32 0.1857638888888889 0.7263558201058201 0.03521825396825397 0.07506613756613757
32 0.3117559523809524 0.7397486772486772 0.05357142857142857 0.046296296296296294
28 0.3038194444444444 0.8154761904761905 0.0496031746031746 0.056216931216931214
33 0.18353174603174602 0.6202050264550265 0.04662698412698413 0.05588624338624339
33 0.3947172619047619 0.5972222222222222 0.04290674603174603 0.0582010582010582
14 0.24454365079365079 0.7329695767195767 0.041666666666666664 0.08432539682539683
17 0.19035218253968253 0.8167989417989417 0.0642361111111111 0.07671957671957672
6 0.3881448412698413 0.8067129629629629 0.0679563492063492 0.05324074074074074
15 0.46912202380952384 0.7046957671957672 0.06522817460317461 0.06283068783068783
13 0.25830853174603174 0.6187169312169312 0.05084325396825397 0.08068783068783068
21 0.46589781746031744 0.5892857142857143 0.06919642857142858 0.0701058201058201
23 0.5680803571428571 0.5651455026455027 0.06522817460317461 0.09060846560846561
26 0.6631944444444444 0.5401785714285714 0.07539682539682539 0.08498677248677249
24 0.7630208333333334 0.6636904761904762 0.05679563492063492 0.08862433862433862
24 0.8498263888888888 0.5408399470899471 0.06820436507936507 0.07506613756613757
21 0.7836061507936508 0.4937169312169312 0.06919642857142858 0.08002645502645503
19 0.7294146825396826 0.5810185185185185 0.044642857142857144 0.07275132275132275
10 0.6805555555555556 0.6640211640211641 0.0441468253968254 0.07605820105820106
15 0.5593998015873016 0.6832010582010583 0.05927579365079365 0.09523809523809523
14 0.6187996031746031 0.7397486772486772 0.05257936507936508 0.08796296296296297
14 0.7359871031746031 0.7645502645502645 0.0642361111111111 0.07671957671957672
12 0.8766121031746031 0.6645171957671958 0.05927579365079365 0.06911375661375661
9 0.8138640873015873 0.7367724867724867 0.048859126984126984 0.06283068783068783
2 0.7998511904761905 0.8391203703703703 0.0679563492063492 0.05654761904761905
3 0.7094494047619048 0.8389550264550265 0.06324404761904762 0.061507936507936505
30 0.8035714285714286 0.6043320105820106 0.042162698412698416 0.05588624338624339
29 0.5703125 0.1433531746031746 0.040426587301587304 0.06448412698412699
27 0.5073164682539683 0.25810185185185186 0.05431547619047619 0.05720899470899471
29 0.6948164682539683 0.3855820105820106 0.040426587301587304 0.061507936507936505
31 0.7437996031746031 0.31828703703703703 0.07142857142857142 0.09226190476190477
33 0.6886160714285714 0.2523148148148148 0.047867063492063495 0.06349206349206349
18 0.5548115079365079 0.32688492063492064 0.05952380952380952 0.05257936507936508
18 0.7204861111111112 0.14203042328042328 0.047619047619047616 0.07903439153439154
20 0.6315724206349206 0.31382275132275134 0.04290674603174603 0.08333333333333333
23 0.785094246031746 0.2134589947089947 0.054811507936507936 0.09490740740740741
7 0.7800099206349206 0.37962962962962965 0.053075396825396824 0.07076719576719577
7 0.6400049603174603 0.42394179894179895 0.05580357142857143 0.07738095238095238
5 0.5881696428571429 0.4669312169312169 0.05927579365079365 0.07671957671957672
3 0.6459573412698413 0.17774470899470898 0.04985119047619048 0.08961640211640212
13 0.8404017857142857 0.296792328042328 0.06374007936507936 0.07903439153439154
11 0.8423859126984127 0.42939814814814814 0.036458333333333336 0.09755291005291006
16 0.5863095238095238 0.23296957671957672 0.07242063492063493 0.0710978835978836