5 0.1746587643678161 0.24649784482758622 0.04040948275862069 0.03502155172413793
7 0.22530531609195403 0.23760775862068967 0.03142959770114943 0.05872844827586207
0 0.34051724137931033 0.25202047413793105 0.03879310344827586 0.03852370689655173
6 0.28861350574712646 0.40382543103448276 0.029094827586206896 0.06303879310344827
2 0.3742816091954023 0.4129849137931034 0.02658045977011494 0.06411637931034483
0 0.27370689655172414 0.7095905172413793 0.036637931034482756 0.05872844827586207
6 0.37059985632183906 0.7439385775862069 0.03142959770114943 0.06115301724137931
1 0.41433189655172414 0.8849676724137931 0.04130747126436782 0.03987068965517242
1 0.709680316091954 0.7640086206896551 0.03753591954022988 0.0490301724137931
0 0.6874102011494253 0.5963092672413793 0.03214798850574713 0.05630387931034483
6 0.6067708333333334 0.6875 0.04005028735632184 0.04040948275862069
4 0.6176364942528736 0.38079202586206895 0.032327586206896554 0.06115301724137931
7 0.6551724137931034 0.16594827586206898 0.023347701149425287 0.05765086206896552
2 0.7222521551724138 0.13133081896551724 0.031070402298850573 0.05953663793103448
1 0.7746048850574713 0.17699353448275862 0.0326867816091954 0.05495689655172414
2 0.7094109195402298 0.23666487068965517 0.03627873563218391 0.060614224137931036
8 0.5477729885057471 0.1392780172413793 0.04130747126436782 0.03879310344827586
2 0.3168103448275862 0.11395474137931035 0.03556034482758621 0.0490301724137931
1 0.46417025862068967 0.3076508620689655 0.019216954022988505 0.057112068965517244
1 0.41325431034482757 0.3219288793103448 0.0334051724137931 0.05387931034482758
6 0.2510775862068966 0.3158674568965517 0.04274425287356322 0.0525323275862069
7 0.18516522988505746 0.3213900862068966 0.042385057471264365 0.06842672413793104
8 0.2122844827586207 0.15827047413793102 0.04777298850574713 0.06438577586206896
4 0.26436781609195403 0.5577855603448276 0.041666666666666664 0.04175646551724138
8 0.30863864942528735 0.7506734913793104 0.0461566091954023 0.0660021551724138
2 0.42780172413793105 0.5703125 0.03699712643678161 0.05549568965517242
5 0.5296336206896551 0.7689924568965517 0.03017241379310345 0.06384698275862069
2 0.5785739942528736 0.7772090517241379 0.028556034482758622 0.059267241379310345
0 0.5808189655172413 0.8863146551724138 0.03627873563218391 0.04849137931034483
3 0.6584949712643678 0.4110991379310345 0.04040948275862069 0.057112068965517244
5 0.732489224137931 0.3064385775862069 0.04256465517241379 0.060614224137931036
12 0.41388290229885055 0.23329741379310345 0.03466235632183908 0.041487068965517244
14 0.18354885057471265 0.40988685344827586 0.03843390804597701 0.06169181034482758
12 0.3457255747126437 0.6030441810344828 0.032327586206896554 0.05630387931034483
17 0.25170617816091956 0.6434536637931034 0.04400143678160919 0.060075431034482756
15 0.34249281609195403 0.8088631465517241 0.03484195402298851 0.06869612068965517
14 0.30064655172413796 0.859375 0.036637931034482756 0.0668103448275862
13 0.24757543103448276 0.8324353448275862 0.04005028735632184 0.059267241379310345
15 0.6250897988505747 0.8336476293103449 0.03178879310344827 0.06169181034482758
12 0.6747485632183908 0.8274515086206896 0.03627873563218391 0.04337284482758621
16 0.6953125 0.6826508620689655 0.03430316091954023 0.06627155172413793
9 0.7741558908045977 0.8317618534482759 0.03502155172413793 0.04983836206896552
10 0.6351472701149425 0.6391433189655172 0.04040948275862069 0.03421336206896552
10 0.6109015804597702 0.5647898706896551 0.025323275862068964 0.055765086206896554
11 0.5326867816091954 0.6254040948275862 0.02586206896551724 0.06438577586206896
11 0.5431034482758621 0.34172952586206895 0.03771551724137931 0.051454741379310345
9 0.623742816091954 0.26764547413793105 0.029813218390804596 0.04283405172413793
30 0.5915050287356322 0.1763200431034483 0.02819683908045977 0.0369073275862069
17 0.6768139367816092 0.33526400862068967 0.0461566091954023 0.06169181034482758
33 0.5751616379310345 0.24649784482758622 0.024964080459770114 0.0447198275862069
27 0.6989942528735632 0.4609375 0.02693965517241379 0.0490301724137931
27 0.6041666666666666 0.45339439655172414 0.029813218390804596 0.04956896551724138
32 0.7544899425287356 0.5339439655172413 0.03915229885057471 0.03933189655172414
32 0.7501795977011494 0.7312769396551724 0.029813218390804596 0.055765086206896554
28 0.7464080459770115 0.65234375 0.0334051724137931 0.04714439655172414
18 0.5347521551724138 0.4252424568965517 0.03394396551724138 0.04337284482758621
32 0.44719827586206895 0.4117726293103448 0.027658045977011495 0.03852370689655173
28 0.43633261494252873 0.6411637931034483 0.037176724137931036 0.04040948275862069
27 0.4071479885057471 0.7000269396551724 0.0326867816091954 0.042295258620689655
29 0.3848778735632184 0.8204471982758621 0.027298850574712645 0.04283405172413793
31 0.4161278735632184 0.7704741379310345 0.035201149425287355 0.06303879310344827
31 0.45635775862068967 0.7074353448275862 0.029813218390804596 0.06196120689655173
28 0.4061602011494253 0.18036099137931033 0.03214798850574713 0.03744612068965517
11 0.26391882183908044 0.13833512931034483 0.04400143678160919 0.033135775862068964