15 0.22817887931034483 0.17456896551724138 0.03142959770114943 0.06734913793103449
15 0.48877514367816094 0.4463900862068966 0.04974856321839081 0.05495689655172414
17 0.7116558908045977 0.7211745689655172 0.052262931034482756 0.07596982758620689
17 0.6285919540229885 0.28044181034482757 0.03807471264367816 0.061422413793103446
13 0.5355603448275862 0.25377155172413796 0.033045977011494254 0.059267241379310345
10 0.3811961206896552 0.1984105603448276 0.03142959770114943 0.0525323275862069
12 0.42941810344827586 0.5237068965517241 0.033764367816091954 0.05441810344827586
16 0.32776580459770116 0.5779903017241379 0.033045977011494254 0.07246767241379311
11 0.3474317528735632 0.49932650862068967 0.037895114942528736 0.06546336206896551
11 0.2583512931034483 0.5103717672413793 0.0461566091954023 0.055765086206896554
13 0.43615301724137934 0.6518049568965517 0.04328304597701149 0.05199353448275862
10 0.7129130747126436 0.46080280172413796 0.04256465517241379 0.02990301724137931
12 0.6647808908045977 0.3355334051724138 0.03430316091954023 0.05037715517241379
10 0.28205818965517243 0.32421875 0.03142959770114943 0.0546875
16 0.6479885057471264 0.5255926724137931 0.04418103448275862 0.07165948275862069
19 0.18714080459770116 0.24151400862068967 0.036637931034482756 0.04337284482758621
21 0.27999281609195403 0.16985452586206898 0.04202586206896552 0.06438577586206896
23 0.42510775862068967 0.2807112068965517 0.041666666666666664 0.06788793103448276
26 0.5547772988505747 0.19342672413793102 0.05100574712643678 0.0625
22 0.5830639367816092 0.28313577586206895 0.0490301724137931 0.04849137931034483
21 0.3069324712643678 0.49070581896551724 0.032327586206896554 0.06546336206896551
24 0.3750897988505747 0.572198275862069 0.03466235632183908 0.07650862068965517
25 0.24470186781609196 0.7766702586206896 0.05298132183908046 0.07543103448275862
26 0.29454022988505746 0.7203663793103449 0.057830459770114945 0.06411637931034483
19 0.2975933908045977 0.6544989224137931 0.04454022988505747 0.0369073275862069
18 0.2067169540229885 0.5823006465517241 0.03915229885057471 0.05738146551724138
18 0.1909123563218391 0.5048491379310345 0.041666666666666664 0.057112068965517244
20 0.48410560344827586 0.5387931034482759 0.037176724137931036 0.05872844827586207
20 0.5785739942528736 0.5734105603448276 0.03502155172413793 0.06438577586206896
20 0.5897988505747126 0.48976293103448276 0.03556034482758621 0.06627155172413793
19 0.49595905172413796 0.38469827586206895 0.03969109195402299 0.04956896551724138
23 0.5437320402298851 0.7023168103448276 0.05190373563218391 0.05872844827586207
23 0.6708872126436781 0.6069504310344828 0.04005028735632184 0.07165948275862069
24 0.6867816091954023 0.2611799568965517 0.03843390804597701 0.06546336206896551
21 0.6071300287356322 0.2117456896551724 0.028556034482758622 0.0625
8 0.24820402298850575 0.2629310344827586 0.039511494252873564 0.05064655172413793
1 0.30226293103448276 0.22898706896551724 0.0334051724137931 0.05387931034482758
2 0.32579022988505746 0.2963362068965517 0.04454022988505747 0.05118534482758621
2 0.3551544540229885 0.24878771551724138 0.036458333333333336 0.055765086206896554
1 0.4751257183908046 0.2396282327586207 0.0454382183908046 0.033674568965517244
6 0.39098419540229884 0.3115571120689655 0.033045977011494254 0.06115301724137931
6 0.4181932471264368 0.36961206896551724 0.04076867816091954 0.04956896551724138
0 0.35982399425287354 0.3480603448275862 0.03502155172413793 0.05441810344827586
1 0.27882543103448276 0.4014008620689655 0.03142959770114943 0.06196120689655173
7 0.3328843390804598 0.42376077586206895 0.047234195402298854 0.04525862068965517
3 0.2712823275862069 0.5890355603448276 0.046515804597701146 0.06115301724137931
2 0.37212643678160917 0.6790140086206896 0.03017241379310345 0.07085129310344827
6 0.4665948275862069 0.7433997844827587 0.04705459770114943 0.05630387931034483
3 0.5035021551724138 0.6299838362068966 0.029274425287356323 0.06492456896551724
0 0.6140445402298851 0.6705280172413793 0.035919540229885055 0.06734913793103449
7 0.6606501436781609 0.6949084051724138 0.03681752873563218 0.06977370689655173
5 0.5265804597701149 0.32408405172413796 0.029813218390804596 0.06303879310344827
33 0.3359375 0.1671605603448276 0.030711206896551723 0.04552801724137931
33 0.6673850574712644 0.19814116379310345 0.032327586206896554 0.042295258620689655
27 0.7047413793103449 0.3627424568965517 0.03089080459770115 0.0546875
31 0.2330280172413793 0.35183189655172414 0.0461566091954023 0.06788793103448276
31 0.6388290229885057 0.4331896551724138 0.04597701149425287 0.06896551724137931
29 0.5525323275862069 0.41419719827586204 0.02783764367816092 0.0412176724137931
29 0.7201867816091954 0.6196120689655172 0.03017241379310345 0.04525862068965517
28 0.7069863505747126 0.5265355603448276 0.02747844827586207 0.0525323275862069
30 0.39107399425287354 0.4735991379310345 0.028915229885057472 0.05064655172413793
32 0.4786278735632184 0.2963362068965517 0.03843390804597701 0.03771551724137931
32 0.4281609195402299 0.19921875 0.024066091954022987 0.05199353448275862
25 0.5333153735632183 0.5017510775862069 0.04400143678160919 0.07139008620689655