11 0.25111607142857145 0.09077380952380952 0.023561507936507936 0.07506613756613757
13 0.17063492063492064 0.19692460317460317 0.0496031746031746 0.05324074074074074
15 0.478546626984127 0.3802910052910053 0.05381944444444445 0.061507936507936505
26 0.1001984126984127 0.19890873015873015 0.06001984126984127 0.04861111111111111
25 0.2516121031746032 0.23726851851851852 0.04439484126984127 0.0710978835978836
25 0.2994791666666667 0.19345238095238096 0.03695436507936508 0.07076719576719577
8 0.35181051587301587 0.25165343915343913 0.03447420634920635 0.07275132275132275
5 0.4131944444444444 0.28687169312169314 0.054563492063492064 0.049933862433862435
1 0.3492063492063492 0.3480489417989418 0.053075396825396824 0.04398148148148148
7 0.2222222222222222 0.39451058201058203 0.05357142857142857 0.04431216931216931
2 0.15364583333333334 0.28257275132275134 0.057787698412698416 0.04133597883597884
32 0.15104166666666666 0.36590608465608465 0.030753968253968252 0.05919312169312169
20 0.28782242063492064 0.32705026455026454 0.053323412698412696 0.04431216931216931
22 0.4244791666666667 0.19163359788359788 0.05580357142857143 0.050595238095238096
29 0.4053819444444444 0.37549603174603174 0.03298611111111111 0.044642857142857144
33 0.30778769841269843 0.4123677248677249 0.03670634920634921 0.04497354497354497
11 0.21552579365079366 0.5100859788359788 0.021825396825396824 0.07837301587301587
9 0.26525297619047616 0.5825066137566137 0.040426587301587304 0.050595238095238096
10 0.17733134920634921 0.8255621693121693 0.041666666666666664 0.06382275132275132
10 0.4205109126984127 0.7898478835978836 0.048859126984126984 0.04133597883597884
30 0.3315972222222222 0.5170304232804233 0.03422619047619048 0.04265873015873016
7 0.40662202380952384 0.5595238095238095 0.056299603174603176 0.042328042328042326
12 0.4720982142857143 0.5446428571428571 0.03546626984126984 0.056878306878306875
26 0.171875 0.6691468253968254 0.062003968253968256 0.05257936507936508
33 0.17881944444444445 0.5735780423280423 0.039186507936507936 0.045965608465608467
14 0.39558531746031744 0.6489748677248677 0.05406746031746032 0.05324074074074074
14 0.26339285714285715 0.8936838624338624 0.05257936507936508 0.05919312169312169
13 0.3287450396825397 0.8176256613756614 0.05133928571428571 0.060515873015873016
23 0.22271825396825398 0.7931547619047619 0.054563492063492064 0.08101851851851852
21 0.34188988095238093 0.6967592592592593 0.05828373015873016 0.07275132275132275
29 0.26574900793650796 0.701058201058201 0.03844246031746032 0.04365079365079365
0 0.5639880952380952 0.5798611111111112 0.052083333333333336 0.05257936507936508
2 0.6790674603174603 0.6083002645502645 0.05406746031746032 0.049933862433862435
6 0.8015873015873016 0.7579365079365079 0.04265873015873016 0.06878306878306878
4 0.7858382936507936 0.5148809523809523 0.033482142857142856 0.07539682539682539
4 0.5804811507936508 0.6865079365079365 0.05431547619047619 0.05555555555555555
9 0.6252480158730159 0.6463293650793651 0.046130952380952384 0.05324074074074074
9 0.7083333333333334 0.533234126984127 0.046130952380952384 0.05588624338624339
9 0.8431299603174603 0.5787037037037037 0.037450396825396824 0.05886243386243386
27 0.6883680555555556 0.7103174603174603 0.04439484126984127 0.05357142857142857
25 0.6355406746031746 0.7620701058201058 0.058779761904761904 0.07903439153439154
24 0.7496279761904762 0.8120039682539683 0.048859126984126984 0.07242063492063493
24 0.8113839285714286 0.6574074074074074 0.040426587301587304 0.07671957671957672
24 0.6376488095238095 0.5616732804232805 0.042162698412698416 0.07705026455026455
16 0.7549603174603174 0.5954034391534392 0.05952380952380952 0.04728835978835979
33 0.5667162698412699 0.7751322751322751 0.03521825396825397 0.05092592592592592
31 0.7361111111111112 0.6765873015873016 0.05803571428571429 0.07275132275132275
9 0.5205853174603174 0.3116732804232804 0.03819444444444445 0.05257936507936508
29 0.5380704365079365 0.18716931216931218 0.03447420634920635 0.041666666666666664
18 0.9281994047619048 0.33796296296296297 0.047867063492063495 0.0496031746031746
28 0.6827876984126984 0.4618055555555556 0.031746031746031744 0.049933862433862435
28 0.8575148809523809 0.3063822751322751 0.038938492063492064 0.03935185185185185
28 0.7232142857142857 0.19576719576719576 0.030753968253968252 0.05423280423280423
12 0.6759672619047619 0.28621031746031744 0.033482142857142856 0.055224867724867725
13 0.6443452380952381 0.3976521164021164 0.04365079365079365 0.06514550264550265
16 0.5680803571428571 0.4662698412698413 0.057291666666666664 0.04497354497354497
16 0.7547123015873016 0.34738756613756616 0.0441468253968254 0.07572751322751323
11 0.7907986111111112 0.2662037037037037 0.046875 0.0582010582010582
14 0.7211061507936508 0.4130291005291005 0.053323412698412696 0.06018518518518518
15 0.8252728174603174 0.42724867724867727 0.05927579365079365 0.05886243386243386
8 0.5908978174603174 0.27099867724867727 0.038938492063492064 0.07043650793650794
0 0.6187996031746031 0.19510582010582012 0.04712301587301587 0.05886243386243386
27 0.5721726190476191 0.3923611111111111 0.042162698412698416 0.04728835978835979