33 0.2361111111111111 0.33101851851851855 0.034722222222222224 0.046296296296296294
27 0.3098958333333333 0.2847222222222222 0.03993055555555555 0.06018518518518518
31 0.3723958333333333 0.2847222222222222 0.05381944444444445 0.05092592592592592
29 0.4314236111111111 0.38078703703703703 0.03298611111111111 0.04861111111111111
28 0.4375 0.2847222222222222 0.034722222222222224 0.046296296296296294
29 0.5946180555555556 0.40162037037037035 0.03298611111111111 0.04398148148148148
30 0.5789930555555556 0.14699074074074073 0.036458333333333336 0.034722222222222224
32 0.3741319444444444 0.4930555555555556 0.029513888888888888 0.05555555555555555
20 0.2725694444444444 0.41087962962962965 0.041666666666666664 0.0625
19 0.3741319444444444 0.14467592592592593 0.029513888888888888 0.05324074074074074
21 0.5295138888888888 0.10648148148148148 0.034722222222222224 0.06944444444444445
6 0.5026041666666666 0.2847222222222222 0.029513888888888888 0.06944444444444445
5 0.3237847222222222 0.3599537037037037 0.050347222222222224 0.03935185185185185
5 0.3862847222222222 0.39351851851851855 0.03993055555555555 0.06481481481481481
0 0.3142361111111111 0.2048611111111111 0.04861111111111111 0.04861111111111111
8 0.4331597222222222 0.14930555555555555 0.046875 0.05324074074074074
0 0.3958333333333333 0.0798611111111111 0.04861111111111111 0.05324074074074074
2 0.5772569444444444 0.2222222222222222 0.050347222222222224 0.046296296296296294
4 0.6371527777777778 0.21064814814814814 0.04861111111111111 0.037037037037037035
3 0.6336805555555556 0.28935185185185186 0.027777777777777776 0.06481481481481481
2 0.6527777777777778 0.38425925925925924 0.03125 0.06944444444444445
5 0.6796875 0.3055555555555556 0.029513888888888888 0.06481481481481481
1 0.6901041666666666 0.23032407407407407 0.029513888888888888 0.06712962962962964
6 0.7256944444444444 0.29976851851851855 0.03125 0.06712962962962964
14 0.2534722222222222 0.22800925925925927 0.052083333333333336 0.04861111111111111
12 0.2013888888888889 0.2523148148148148 0.034722222222222224 0.05555555555555555
15 0.3854166666666667 0.2175925925925926 0.052083333333333336 0.05092592592592592
14 0.6432291666666666 0.15162037037037038 0.046875 0.04398148148148148
11 0.5486111111111112 0.5277777777777778 0.04861111111111111 0.06018518518518518
9 0.3003472222222222 0.5358796296296297 0.041666666666666664 0.04861111111111111
21 0.5703125 0.28587962962962965 0.050347222222222224 0.04398148148148148
27 0.7118055555555556 0.1412037037037037 0.041666666666666664 0.05092592592592592
19 0.5946180555555556 0.48726851851851855 0.03993055555555555 0.05787037037037037
18 0.6727430555555556 0.4791666666666667 0.046875 0.05092592592592592
10 0.24479166666666666 0.5729166666666666 0.052083333333333336 0.03935185185185185
10 0.21875 0.6458333333333334 0.052083333333333336 0.037037037037037035
24 0.4296875 0.5671296296296297 0.05381944444444445 0.05092592592592592
26 0.3654513888888889 0.6782407407407407 0.057291666666666664 0.06481481481481481
26 0.5277777777777778 0.6886574074074074 0.052083333333333336 0.08101851851851852
15 0.4166666666666667 0.7268518518518519 0.052083333333333336 0.06018518518518518
17 0.3498263888888889 0.7581018518518519 0.050347222222222224 0.07175925925925926
17 0.359375 0.5995370370370371 0.041666666666666664 0.06944444444444445
11 0.2942708333333333 0.6423611111111112 0.043402777777777776 0.06712962962962964
9 0.2517361111111111 0.7106481481481481 0.034722222222222224 0.05555555555555555
16 0.19791666666666666 0.7256944444444444 0.03819444444444445 0.07175925925925926
16 0.2604166666666667 0.7928240740740741 0.03819444444444445 0.08101851851851852
10 0.2144097222222222 0.8009259259259259 0.029513888888888888 0.06481481481481481
13 0.6111111111111112 0.7291666666666666 0.04513888888888889 0.06481481481481481
13 0.3229166666666667 0.8912037037037037 0.04861111111111111 0.05555555555555555
30 0.3446180555555556 0.8344907407407407 0.036458333333333336 0.04398148148148148
28 0.5625 0.6087962962962963 0.041666666666666664 0.046296296296296294
1 0.6171875 0.6111111111111112 0.03298611111111111 0.06944444444444445
31 0.6935763888888888 0.6307870370370371 0.03993055555555555 0.07175925925925926
23 0.6657986111111112 0.5520833333333334 0.043402777777777776 0.07175925925925926
18 0.7404513888888888 0.6805555555555556 0.043402777777777776 0.06018518518518518
3 0.8098958333333334 0.6273148148148148 0.046875 0.06481481481481481
3 0.8498263888888888 0.5613425925925926 0.03993055555555555 0.06712962962962964
9 0.7881944444444444 0.5289351851851852 0.041666666666666664 0.05324074074074074
16 0.828125 0.45949074074074076 0.03819444444444445 0.07175925925925926
31 0.7647569444444444 0.4270833333333333 0.050347222222222224 0.05787037037037037
2 0.7447916666666666 0.5729166666666666 0.03125 0.07175925925925926
32 0.7482638888888888 0.21875 0.027777777777777776 0.05787037037037037
33 0.7847222222222222 0.2986111111111111 0.03819444444444445 0.05092592592592592
2 0.8046875 0.16087962962962962 0.03993055555555555 0.0625