9 0.13203125 0.5861111111111111 0.0453125 0.08703703703703704
30 0.18359375 0.5810185185185185 0.03802083333333333 0.07314814814814814
23 0.2375 0.5736111111111111 0.03958333333333333 0.09722222222222222
3 0.2890625 0.5694444444444444 0.03333333333333333 0.09444444444444444
13 0.33984375 0.5666666666666667 0.0421875 0.08333333333333333
21 0.38958333333333334 0.5666666666666667 0.0375 0.09259259259259259
16 0.4401041666666667 0.5662037037037037 0.03958333333333333 0.11388888888888889
1 0.4903645833333333 0.5578703703703703 0.04010416666666667 0.10462962962962963
0 0.5919270833333333 0.5555555555555556 0.04114583333333333 0.08518518518518518
0 0.7515625 0.5407407407407407 0.042708333333333334 0.09444444444444444
15 0.5416666666666666 0.5509259259259259 0.04895833333333333 0.10185185185185185
23 0.646875 0.5449074074074074 0.05 0.10277777777777777
4 0.8059895833333334 0.5393518518518519 0.050520833333333334 0.10833333333333334
20 0.69921875 0.5518518518518518 0.0421875 0.10740740740740741