32 0.029947916666666668 0.5319444444444444 0.04114583333333333 0.09907407407407408
4 0.08854166666666667 0.5273148148148148 0.052083333333333336 0.1175925925925926
18 0.15364583333333334 0.5333333333333333 0.04895833333333333 0.09444444444444444
26 0.2078125 0.5263888888888889 0.057291666666666664 0.11944444444444445
25 0.26588541666666665 0.5203703703703704 0.0484375 0.10740740740740741
14 0.325 0.5222222222222223 0.042708333333333334 0.11666666666666667
9 0.38203125 0.525 0.0453125 0.08703703703703704
17 0.43697916666666664 0.5180555555555556 0.052083333333333336 0.10277777777777777
14 0.49114583333333334 0.5175925925925926 0.042708333333333334 0.11666666666666667
7 0.5471354166666667 0.5189814814814815 0.04010416666666667 0.10092592592592593
7 0.7611979166666667 0.5171296296296296 0.04010416666666667 0.10092592592592593
25 0.60078125 0.5157407407407407 0.0421875 0.10185185185185185
11 0.6541666666666667 0.5180555555555556 0.03958333333333333 0.11388888888888889
0 0.7080729166666667 0.5115740740740741 0.0359375 0.09537037037037037
19 0.8135416666666667 0.5152777777777777 0.03229166666666667 0.11388888888888889