13 0.10520833333333333 0.4898148148148148 0.04375 0.09814814814814815
29 0.1625 0.49166666666666664 0.041666666666666664 0.07962962962962963
6 0.21822916666666667 0.4898148148148148 0.040625 0.12037037037037036
16 0.278125 0.4824074074074074 0.03958333333333333 0.12037037037037036
32 0.33697916666666666 0.4842592592592593 0.040625 0.10185185185185185
10 0.3953125 0.4777777777777778 0.034375 0.12222222222222222
14 0.45364583333333336 0.475 0.040625 0.11666666666666667
25 0.5125 0.4722222222222222 0.04791666666666667 0.12222222222222222
28 0.5744791666666667 0.4675925925925926 0.03854166666666667 0.09814814814814815
6 0.634375 0.47314814814814815 0.04375 0.12407407407407407
0 0.6973958333333333 0.4722222222222222 0.051041666666666666 0.12962962962962962
18 0.7588541666666667 0.4685185185185185 0.042708333333333334 0.11481481481481481
19 0.8213541666666667 0.46111111111111114 0.030208333333333334 0.12222222222222222
8 0.8901041666666667 0.45555555555555555 0.04479166666666667 0.12222222222222222