11 0.16041666666666668 0.5990740740740741 0.04583333333333333 0.10925925925925926
18 0.215625 0.5861111111111111 0.04375 0.09814814814814815
20 0.27291666666666664 0.5824074074074074 0.03958333333333333 0.10185185185185185
26 0.3302083333333333 0.5740740740740741 0.04583333333333333 0.11481481481481481
27 0.3828125 0.5740740740740741 0.04479166666666667 0.09259259259259259
1 0.4395833333333333 0.5657407407407408 0.0375 0.09814814814814815
31 0.4890625 0.5592592592592592 0.040625 0.1037037037037037
15 0.5427083333333333 0.5527777777777778 0.04791666666666667 0.10925925925925926
15 0.8489583333333334 0.5138888888888888 0.04375 0.10185185185185185
19 0.596875 0.5472222222222223 0.025 0.10185185185185185
0 0.6463541666666667 0.5388888888888889 0.04479166666666667 0.0962962962962963
9 0.6973958333333333 0.5314814814814814 0.042708333333333334 0.08518518518518518
17 0.7489583333333333 0.5222222222222223 0.05416666666666667 0.0962962962962963
30 0.7963541666666667 0.512962962962963 0.040625 0.07037037037037037
21 0.8989583333333333 0.5092592592592593 0.04791666666666667 0.10740740740740741
10 0.9515625 0.5111111111111111 0.040625 0.1037037037037037