19 0.14583333333333334 0.5375 0.034375 0.14166666666666666
21 0.21953125 0.5393518518518519 0.050520833333333334 0.14351851851851852
33 0.28828125 0.5361111111111111 0.0515625 0.10185185185185185
31 0.34739583333333335 0.5370370370370371 0.051041666666666666 0.1259259259259259
31 0.60390625 0.5407407407407407 0.0359375 0.10555555555555556
27 0.40598958333333335 0.5407407407407407 0.0421875 0.10555555555555556
27 0.5114583333333333 0.5351851851851852 0.03854166666666667 0.09814814814814815
27 0.684375 0.5412037037037037 0.029166666666666667 0.08611111111111111
30 0.64609375 0.5375 0.028645833333333332 0.08055555555555556
28 0.7635416666666667 0.55 0.026041666666666668 0.07592592592592592
29 0.7963541666666667 0.549537037037037 0.026041666666666668 0.062037037037037036
29 0.459375 0.537962962962963 0.03854166666666667 0.08148148148148149
23 0.55703125 0.5361111111111111 0.0359375 0.10740740740740741
4 0.72421875 0.5421296296296296 0.0234375 0.09722222222222222