11 0.09713541666666667 0.42407407407407405 0.044270833333333336 0.1111111111111111
27 0.15234375 0.4273148148148148 0.04010416666666667 0.09907407407407408
2 0.2046875 0.42685185185185187 0.03958333333333333 0.1111111111111111
16 0.25729166666666664 0.42407407407407405 0.040625 0.10925925925925926
11 0.3072916666666667 0.42685185185185187 0.040625 0.10555555555555556
15 0.35885416666666664 0.4236111111111111 0.04583333333333333 0.10462962962962963
14 0.40989583333333335 0.4203703703703704 0.03958333333333333 0.10185185185185185
13 0.46197916666666666 0.41805555555555557 0.03958333333333333 0.09351851851851851
10 0.5125 0.4166666666666667 0.027083333333333334 0.1
20 0.5614583333333333 0.41805555555555557 0.03854166666666667 0.09907407407407408
4 0.6143229166666667 0.4185185185185185 0.03177083333333333 0.1037037037037037
12 0.6625 0.412962962962963 0.041666666666666664 0.08333333333333333
12 0.7169270833333333 0.41805555555555557 0.04010416666666667 0.09351851851851851
17 0.7669270833333334 0.4199074074074074 0.0484375 0.10092592592592593