9 0.18723958333333332 0.5453703703703704 0.058854166666666666 0.10185185185185185
30 0.2520833333333333 0.5578703703703703 0.046875 0.08425925925925926
23 0.3143229166666667 0.5726851851851852 0.050520833333333334 0.125
23 0.70078125 0.6611111111111111 0.03697916666666667 0.1037037037037037
3 0.3734375 0.5819444444444445 0.041666666666666664 0.12314814814814815
13 0.42682291666666666 0.5962962962962963 0.04739583333333333 0.10185185185185185
21 0.47942708333333334 0.6046296296296296 0.0390625 0.11296296296296296
16 0.525 0.6162037037037037 0.03854166666666667 0.11944444444444445
1 0.57421875 0.6273148148148148 0.033854166666666664 0.10462962962962963
15 0.6192708333333333 0.6393518518518518 0.03854166666666667 0.11574074074074074
0 0.6622395833333333 0.6546296296296297 0.028645833333333332 0.1037037037037037
20 0.7416666666666667 0.674537037037037 0.03229166666666667 0.09907407407407408
0 0.7796875 0.6782407407407407 0.030208333333333334 0.10462962962962963
22 0.81640625 0.6912037037037037 0.027604166666666666 0.10833333333333334