24 0.07682291666666667 0.5212962962962963 0.04739583333333333 0.12407407407407407
24 0.18828125 0.5185185185185185 0.04739583333333333 0.12407407407407407
9 0.12994791666666666 0.5199074074074074 0.0484375 0.08796296296296297
25 0.2390625 0.5180555555555556 0.04479166666666667 0.10648148148148148
16 0.290625 0.5143518518518518 0.03958333333333333 0.11574074074074074
1 0.34401041666666665 0.5055555555555555 0.03697916666666667 0.09814814814814815
17 0.39765625 0.500462962962963 0.050520833333333334 0.09722222222222222
1 0.44921875 0.5027777777777778 0.03697916666666667 0.09814814814814815
29 0.4981770833333333 0.5050925925925925 0.03802083333333333 0.062037037037037036
2 0.5515625 0.5009259259259259 0.035416666666666666 0.10185185185185185
12 0.6026041666666667 0.5023148148148148 0.03854166666666667 0.08055555555555556
3 0.65234375 0.5009259259259259 0.0390625 0.10185185185185185
31 0.7046875 0.5009259259259259 0.042708333333333334 0.10740740740740741
10 0.7559895833333333 0.49583333333333335 0.027604166666666666 0.09722222222222222