21 0.14270833333333333 0.6412037037037037 0.034375 0.10277777777777777
3 0.1890625 0.637962962962963 0.03125 0.1
19 0.23854166666666668 0.6314814814814815 0.03333333333333333 0.0962962962962963
26 0.28958333333333336 0.6199074074074075 0.04583333333333333 0.11388888888888889
0 0.33567708333333335 0.6189814814814815 0.043229166666666666 0.09907407407407408
6 0.38958333333333334 0.6138888888888889 0.04375 0.11296296296296296
8 0.44166666666666665 0.6046296296296296 0.03958333333333333 0.10740740740740741
33 0.4947916666666667 0.6037037037037037 0.042708333333333334 0.09259259259259259
12 0.5471354166666667 0.5884259259259259 0.0421875 0.0824074074074074
4 0.6033854166666667 0.5805555555555556 0.0421875 0.11296296296296296
13 0.66171875 0.5736111111111111 0.044270833333333336 0.09722222222222222
13 0.71953125 0.5643518518518519 0.0484375 0.11018518518518519
1 0.78359375 0.5597222222222222 0.049479166666666664 0.11388888888888889
3 0.8466145833333333 0.5532407407407407 0.04739583333333333 0.11018518518518519