9 0.11588541666666667 0.549537037037037 0.03697916666666667 0.075
14 0.16276041666666666 0.549537037037037 0.03697916666666667 0.09351851851851851
10 0.20989583333333334 0.5449074074074074 0.034375 0.08981481481481482
18 0.2596354166666667 0.5425925925925926 0.0453125 0.08888888888888889
8 0.30963541666666666 0.5425925925925926 0.03802083333333333 0.08888888888888889
8 0.71640625 0.5175925925925926 0.0390625 0.1037037037037037
11 0.3578125 0.5398148148148149 0.036458333333333336 0.09259259259259259
5 0.40989583333333335 0.5305555555555556 0.0375 0.09444444444444444
20 0.4596354166666667 0.5314814814814814 0.03697916666666667 0.1
26 0.50703125 0.5263888888888889 0.04010416666666667 0.10462962962962963
28 0.559375 0.5208333333333334 0.036458333333333336 0.0787037037037037
2 0.6091145833333333 0.524074074074074 0.0390625 0.10185185185185185
22 0.6630208333333333 0.5199074074074074 0.04375 0.10277777777777777
6 0.7723958333333333 0.5111111111111111 0.0375 0.10925925925925926