11 0.053385416666666664 0.5587962962962963 0.0640625 0.11574074074074074
11 0.3078125 0.5412037037037037 0.04895833333333333 0.10462962962962963
27 0.11927083333333334 0.5550925925925926 0.053125 0.09907407407407408
2 0.18515625 0.5518518518518518 0.0453125 0.11666666666666667
16 0.246875 0.5476851851851852 0.053125 0.11944444444444445
15 0.36666666666666664 0.5393518518518519 0.04895833333333333 0.10648148148148148
14 0.42526041666666664 0.5314814814814814 0.0421875 0.1037037037037037
13 0.4786458333333333 0.5263888888888889 0.04375 0.08981481481481482
10 0.5315104166666667 0.525 0.03177083333333333 0.09814814814814815
20 0.5869791666666667 0.5259259259259259 0.042708333333333334 0.1037037037037037
4 0.6380208333333334 0.5194444444444445 0.036458333333333336 0.09814814814814815
12 0.68984375 0.5162037037037037 0.0390625 0.08611111111111111
12 0.7393229166666667 0.5157407407407407 0.04010416666666667 0.08333333333333333
17 0.7893229166666667 0.512962962962963 0.050520833333333334 0.0962962962962963