6 0.1140625 0.6523148148148148 0.030208333333333334 0.10092592592592593
28 0.14973958333333334 0.6453703703703704 0.028645833333333332 0.06296296296296296
26 0.18880208333333334 0.6388888888888888 0.03177083333333333 0.10555555555555556
32 0.225 0.6333333333333333 0.030208333333333334 0.09259259259259259
29 0.2682291666666667 0.6259259259259259 0.030208333333333334 0.08518518518518518
8 0.30885416666666665 0.6189814814814815 0.027083333333333334 0.11574074074074074
15 0.35182291666666665 0.6148148148148148 0.03802083333333333 0.10740740740740741
5 0.3971354166666667 0.6138888888888889 0.034895833333333334 0.12037037037037036
16 0.44505208333333335 0.600462962962963 0.03802083333333333 0.12129629629629629
33 0.49322916666666666 0.5962962962962963 0.03854166666666667 0.07777777777777778
18 0.5458333333333333 0.5837962962962963 0.040625 0.10833333333333334
21 0.5953125 0.5819444444444445 0.04479166666666667 0.12314814814814815
17 0.65390625 0.5685185185185185 0.058854166666666666 0.1259259259259259
31 0.7127604166666667 0.5606481481481481 0.05260416666666667 0.13055555555555556