24 0.12786458333333334 0.5092592592592593 0.058854166666666666 0.13703703703703704
24 0.26328125 0.5055555555555555 0.058854166666666666 0.13703703703703704
1 0.4427083333333333 0.5050925925925925 0.04583333333333333 0.11203703703703703
1 0.5494791666666666 0.5032407407407408 0.04583333333333333 0.11203703703703703
9 0.19583333333333333 0.5162037037037037 0.058333333333333334 0.09537037037037037
25 0.32473958333333336 0.5115740740740741 0.0515625 0.11388888888888889
16 0.3848958333333333 0.5050925925925925 0.052083333333333336 0.12129629629629629
17 0.4973958333333333 0.49722222222222223 0.053125 0.10740740740740741
29 0.6002604166666666 0.5060185185185185 0.0421875 0.0824074074074074
31 0.7854166666666667 0.5064814814814815 0.041666666666666664 0.09074074074074075
12 0.6966145833333334 0.5064814814814815 0.0421875 0.08333333333333333
10 0.8299479166666667 0.5055555555555555 0.030729166666666665 0.09259259259259259
3 0.7401041666666667 0.5064814814814815 0.035416666666666666 0.10185185185185185
2 0.65 0.5023148148148148 0.03333333333333333 0.09907407407407408