6 0.07708333333333334 0.4199074074074074 0.05 0.12685185185185185
28 0.15026041666666667 0.43333333333333335 0.0515625 0.10925925925925926
26 0.21276041666666667 0.4412037037037037 0.05572916666666667 0.13055555555555556
32 0.2791666666666667 0.44675925925925924 0.04375 0.10648148148148148
29 0.33828125 0.45416666666666666 0.0421875 0.08055555555555556
8 0.39869791666666665 0.46574074074074073 0.03802083333333333 0.12222222222222222
15 0.45260416666666664 0.4703703703703704 0.04791666666666667 0.12037037037037036
5 0.5104166666666666 0.47962962962962963 0.036458333333333336 0.12407407407407407
16 0.5645833333333333 0.4824074074074074 0.04375 0.11296296296296296
33 0.61640625 0.49444444444444446 0.043229166666666666 0.07962962962962963
18 0.6669270833333333 0.4930555555555556 0.04010416666666667 0.10462962962962963
21 0.7169270833333333 0.500462962962963 0.03697916666666667 0.10833333333333334
17 0.7677083333333333 0.5046296296296297 0.046875 0.1037037037037037
31 0.81484375 0.5055555555555555 0.043229166666666666 0.11666666666666667