22 0.13098958333333333 0.7050925925925926 0.033854166666666664 0.09351851851851851
22 0.6880208333333333 0.5944444444444444 0.04583333333333333 0.13333333333333333
18 0.33255208333333336 0.6560185185185186 0.0359375 0.08981481481481482
18 0.37734375 0.6421296296296296 0.0359375 0.08981481481481482
2 0.17005208333333333 0.6930555555555555 0.025520833333333333 0.09351851851851851
20 0.20729166666666668 0.6888888888888889 0.029166666666666667 0.09444444444444444
15 0.24739583333333334 0.6800925925925926 0.035416666666666666 0.10648148148148148
23 0.28880208333333335 0.6643518518518519 0.0359375 0.10648148148148148
5 0.42421875 0.6375 0.0359375 0.10648148148148148
24 0.4747395833333333 0.6305555555555555 0.0421875 0.11666666666666667
6 0.521875 0.6199074074074075 0.03854166666666667 0.1175925925925926
7 0.57421875 0.6083333333333333 0.04010416666666667 0.10740740740740741
30 0.6299479166666667 0.6013888888888889 0.04635416666666667 0.09537037037037037
10 0.7486979166666666 0.5791666666666667 0.050520833333333334 0.1175925925925926