11 0.15755208333333334 0.4842592592592593 0.05677083333333333 0.1574074074074074
11 0.4075520833333333 0.5231481481481481 0.0390625 0.12777777777777777
27 0.23072916666666668 0.49398148148148147 0.05625 0.11944444444444445
2 0.29296875 0.5032407407407408 0.0484375 0.12685185185185185
16 0.3515625 0.5152777777777777 0.04479166666666667 0.1361111111111111
15 0.4578125 0.5287037037037037 0.041666666666666664 0.12777777777777777
14 0.50234375 0.5305555555555556 0.0328125 0.11296296296296296
13 0.5484375 0.5398148148148149 0.035416666666666666 0.10740740740740741
10 0.5861979166666667 0.5467592592592593 0.027604166666666666 0.10648148148148148
20 0.6255208333333333 0.5574074074074075 0.03125 0.10740740740740741
4 0.66171875 0.562962962962963 0.024479166666666666 0.1
12 0.6947916666666667 0.5671296296296297 0.029166666666666667 0.08055555555555556
12 0.728125 0.5736111111111111 0.028125 0.08796296296296297
17 0.7598958333333333 0.5810185185185185 0.03125 0.10277777777777777