32 0.07942708333333333 0.5416666666666666 0.0390625 0.10740740740740741
4 0.15130208333333334 0.5356481481481481 0.050520833333333334 0.13796296296296295
0 0.7171875 0.5138888888888888 0.03854166666666667 0.1037037037037037
7 0.5908854166666667 0.512962962962963 0.033854166666666664 0.10185185185185185
7 0.7591145833333334 0.5148148148148148 0.0265625 0.08888888888888889
18 0.21692708333333333 0.5365740740740741 0.049479166666666664 0.11388888888888889
26 0.27682291666666664 0.5236111111111111 0.050520833333333334 0.11944444444444445
25 0.33828125 0.5273148148148148 0.0484375 0.1175925925925926
25 0.6364583333333333 0.5236111111111111 0.03958333333333333 0.10462962962962963
19 0.7984375 0.5157407407407407 0.021875 0.0962962962962963
14 0.39140625 0.5259259259259259 0.044270833333333336 0.1111111111111111
9 0.4434895833333333 0.5254629629629629 0.04635416666666667 0.08611111111111111
17 0.4940104166666667 0.5212962962962963 0.04635416666666667 0.0962962962962963
14 0.5432291666666667 0.5180555555555556 0.042708333333333334 0.10277777777777777
11 0.6786458333333333 0.5175925925925926 0.03333333333333333 0.09814814814814815