6 0.07526041666666666 0.4305555555555556 0.043229166666666666 0.11666666666666667
28 0.12890625 0.42962962962962964 0.0453125 0.09814814814814815
26 0.18203125 0.4273148148148148 0.0453125 0.11203703703703703
32 0.23072916666666668 0.42407407407407405 0.034375 0.09259259259259259
29 0.28489583333333335 0.41759259259259257 0.03854166666666667 0.07777777777777778
8 0.33541666666666664 0.42268518518518516 0.03854166666666667 0.11203703703703703
15 0.38984375 0.42453703703703705 0.04739583333333333 0.11018518518518519
5 0.4421875 0.425462962962963 0.03854166666666667 0.11203703703703703
16 0.49140625 0.4212962962962963 0.0453125 0.1111111111111111
33 0.5466145833333333 0.4212962962962963 0.0421875 0.07407407407407407
18 0.5986979166666667 0.4166666666666667 0.0421875 0.10185185185185185
21 0.65 0.41898148148148145 0.03958333333333333 0.11388888888888889
17 0.7013020833333333 0.41203703703703703 0.04635416666666667 0.1111111111111111
31 0.7541666666666667 0.41064814814814815 0.042708333333333334 0.10648148148148148