22 0.1703125 0.48333333333333334 0.05625 0.15185185185185185
22 0.7807291666666667 0.5453703703703704 0.030208333333333334 0.1
18 0.48489583333333336 0.5078703703703704 0.041666666666666664 0.11203703703703703
18 0.5359375 0.5050925925925925 0.041666666666666664 0.11203703703703703
2 0.24739583333333334 0.49027777777777776 0.04583333333333333 0.14722222222222223
20 0.31145833333333334 0.5 0.053125 0.14444444444444443
15 0.37604166666666666 0.49907407407407406 0.05 0.13518518518518519
23 0.4317708333333333 0.5060185185185185 0.04375 0.13240740740740742
5 0.58125 0.5138888888888888 0.0375 0.10925925925925926
24 0.6252604166666667 0.5217592592592593 0.033854166666666664 0.125
6 0.6661458333333333 0.5268518518518519 0.03229166666666667 0.11296296296296296
7 0.70625 0.5287037037037037 0.025 0.1
30 0.7440104166666667 0.5361111111111111 0.0234375 0.06481481481481481
10 0.8130208333333333 0.5481481481481482 0.022916666666666665 0.1