11 0.05416666666666667 0.49722222222222223 0.058333333333333334 0.11296296296296296
11 0.28984375 0.49398148148148147 0.0484375 0.10092592592592593
27 0.1140625 0.49537037037037035 0.05 0.09814814814814815
2 0.17317708333333334 0.4925925925925926 0.0453125 0.10555555555555556
16 0.23255208333333333 0.4925925925925926 0.04635416666666667 0.11666666666666667
15 0.346875 0.49444444444444446 0.05520833333333333 0.10925925925925926
14 0.4041666666666667 0.49212962962962964 0.041666666666666664 0.10462962962962963
13 0.46119791666666665 0.4888888888888889 0.0453125 0.10185185185185185
10 0.5182291666666666 0.48703703703703705 0.03854166666666667 0.09814814814814815
20 0.5752604166666667 0.48842592592592593 0.0421875 0.10277777777777777
4 0.6328125 0.49212962962962964 0.03854166666666667 0.10462962962962963
12 0.6880208333333333 0.49027777777777776 0.04479166666666667 0.08611111111111111
12 0.74609375 0.48842592592592593 0.0453125 0.08796296296296297
17 0.80390625 0.49166666666666664 0.058854166666666666 0.0962962962962963