9 0.03854166666666667 0.46296296296296297 0.05625 0.08703703703703704
14 0.10130208333333333 0.4615740740740741 0.0515625 0.11203703703703703
10 0.16067708333333333 0.4537037037037037 0.04010416666666667 0.1037037037037037
18 0.22213541666666667 0.462037037037037 0.0453125 0.10740740740740741
8 0.28151041666666665 0.46064814814814814 0.0453125 0.11018518518518519
11 0.34010416666666665 0.4537037037037037 0.04791666666666667 0.1037037037037037
5 0.4005208333333333 0.45555555555555555 0.042708333333333334 0.10925925925925926
20 0.45807291666666666 0.44814814814814813 0.04010416666666667 0.1
26 0.5138020833333333 0.45046296296296295 0.04739583333333333 0.11944444444444445
28 0.5713541666666667 0.45046296296296295 0.040625 0.08055555555555556
2 0.62734375 0.45185185185185184 0.03802083333333333 0.1111111111111111
22 0.684375 0.44305555555555554 0.04479166666666667 0.10833333333333334
8 0.7403645833333333 0.449537037037037 0.04010416666666667 0.10092592592592593
6 0.7953125 0.44675925925925924 0.042708333333333334 0.11203703703703703