33 0.18125 0.5217592592592593 0.046875 0.07685185185185185
31 0.23880208333333333 0.5199074074074074 0.050520833333333334 0.11574074074074074
31 0.5140625 0.5032407407407408 0.046875 0.10833333333333334
27 0.2921875 0.5171296296296296 0.046875 0.09907407407407408
27 0.40572916666666664 0.5120370370370371 0.04791666666666667 0.0962962962962963
27 0.6234375 0.5 0.046875 0.09444444444444444
29 0.35052083333333334 0.5078703703703704 0.041666666666666664 0.07314814814814814
29 0.7895833333333333 0.4962962962962963 0.036458333333333336 0.08148148148148149
30 0.5666666666666667 0.5023148148148148 0.04583333333333333 0.075
28 0.7333333333333333 0.49907407407407406 0.04583333333333333 0.08518518518518518
19 0.06692708333333333 0.5273148148148148 0.030729166666666665 0.10833333333333334
21 0.12473958333333333 0.5263888888888889 0.0484375 0.11944444444444445
23 0.4625 0.5018518518518519 0.04895833333333333 0.11666666666666667
4 0.6796875 0.49953703703703706 0.03854166666666667 0.11018518518518519