24 0.10651041666666666 0.5930555555555556 0.034895833333333334 0.09722222222222222
24 0.19427083333333334 0.5791666666666667 0.041666666666666664 0.10462962962962963
9 0.15104166666666666 0.586574074074074 0.03958333333333333 0.06574074074074074
25 0.24088541666666666 0.5675925925925925 0.03802083333333333 0.09814814814814815
16 0.28802083333333334 0.5583333333333333 0.035416666666666666 0.10555555555555556
1 0.3338541666666667 0.5453703703703704 0.03333333333333333 0.09444444444444444
1 0.42916666666666664 0.5268518518518519 0.03125 0.08888888888888889
17 0.38177083333333334 0.5333333333333333 0.04479166666666667 0.09444444444444444
29 0.47708333333333336 0.5162037037037037 0.03333333333333333 0.06944444444444445
2 0.528125 0.5032407407407408 0.03229166666666667 0.10092592592592593
12 0.5794270833333334 0.4986111111111111 0.03802083333333333 0.08055555555555556
3 0.6330729166666667 0.48842592592592593 0.04010416666666667 0.09537037037037037
31 0.6888020833333334 0.4759259259259259 0.04635416666666667 0.0962962962962963
10 0.7432291666666667 0.4648148148148148 0.035416666666666666 0.1