9 0.14088541666666668 0.4777777777777778 0.0578125 0.09814814814814815
30 0.20546875 0.4666666666666667 0.0421875 0.08703703703703704
23 0.2708333333333333 0.4615740740740741 0.052083333333333336 0.1175925925925926
23 0.68984375 0.4203703703703704 0.0390625 0.10185185185185185
3 0.3299479166666667 0.4546296296296296 0.0421875 0.1111111111111111
13 0.38776041666666666 0.449537037037037 0.044270833333333336 0.10092592592592593
21 0.4401041666666667 0.44351851851851853 0.03958333333333333 0.10925925925925926
16 0.49453125 0.4393518518518518 0.0390625 0.11018518518518519
1 0.5447916666666667 0.43333333333333335 0.03125 0.10925925925925926
15 0.5963541666666666 0.42777777777777776 0.040625 0.1037037037037037
0 0.6408854166666667 0.425 0.034895833333333334 0.09814814814814815
0 0.7783854166666667 0.41388888888888886 0.034895833333333334 0.09814814814814815
20 0.7325520833333333 0.41944444444444445 0.033854166666666664 0.0962962962962963
22 0.8197916666666667 0.412962962962963 0.03333333333333333 0.09814814814814815