29 0.2787698412698413 0.17063492063492064 0.034722222222222224 0.041005291005291
29 0.3343253968253968 0.10929232804232804 0.034722222222222224 0.045965608465608467
29 0.3725198412698413 0.29546957671957674 0.03273809523809524 0.04728835978835979
29 0.550843253968254 0.21180555555555555 0.03373015873015873 0.04861111111111111
31 0.3131200396825397 0.27215608465608465 0.04290674603174603 0.07275132275132275
28 0.26264880952380953 0.36789021164021163 0.04513888888888889 0.040674603174603176
33 0.5478670634920635 0.30952380952380953 0.030753968253968252 0.0496031746031746
18 0.2865823412698413 0.07622354497354497 0.041914682539682536 0.06712962962962964
23 0.22532242063492064 0.12218915343915344 0.043402777777777776 0.0796957671957672
24 0.20808531746031747 0.20072751322751323 0.06001984126984127 0.05423280423280423
26 0.4068700396825397 0.3761574074074074 0.06125992063492063 0.0625
21 0.4908234126984127 0.13707010582010581 0.05704365079365079 0.06316137566137567
5 0.2621527777777778 0.2751322751322751 0.037698412698412696 0.07341269841269842
1 0.49615575396825395 0.2665343915343915 0.037450396825396824 0.06746031746031746
8 0.4011656746031746 0.16335978835978837 0.045882936507936505 0.06746031746031746
9 0.4538690476190476 0.3316798941798942 0.03819444444444445 0.05423280423280423
11 0.20386904761904762 0.27529761904761907 0.05853174603174603 0.05919312169312169
12 0.4244791666666667 0.2551256613756614 0.04439484126984127 0.049933862433862435
16 0.3272569444444444 0.35102513227513227 0.058779761904761904 0.054563492063492064
15 0.3423859126984127 0.1962632275132275 0.06076388888888889 0.054563492063492064
13 0.5359623015873016 0.40691137566137564 0.047619047619047616 0.06448412698412699
12 0.2486359126984127 0.4460978835978836 0.047867063492063495 0.05092592592592592
13 0.3463541666666667 0.46378968253968256 0.05084325396825397 0.05787037037037037
13 0.4600694444444444 0.4935515873015873 0.04017857142857143 0.06183862433862434
10 0.2632688492063492 0.7665343915343915 0.02554563492063492 0.06878306878306878
17 0.3359375 0.6635251322751323 0.060267857142857144 0.08035714285714286
9 0.5137648809523809 0.7045304232804233 0.03695436507936508 0.050595238095238096
16 0.24702380952380953 0.5727513227513228 0.051587301587301584 0.0787037037037037
14 0.26277281746031744 0.6674933862433863 0.057787698412698416 0.05191798941798942
15 0.4392361111111111 0.6478174603174603 0.05853174603174603 0.06084656084656084
9 0.3091517857142857 0.5838293650793651 0.05084325396825397 0.05324074074074074
28 0.32502480158730157 0.7842261904761905 0.031994047619047616 0.05654761904761905
30 0.5587797619047619 0.7795965608465608 0.03571428571428571 0.04728835978835979
0 0.32428075396825395 0.5193452380952381 0.053323412698412696 0.050595238095238096
2 0.21106150793650794 0.5138888888888888 0.03819444444444445 0.07076719576719577
2 0.45275297619047616 0.5793650793650794 0.05282738095238095 0.04894179894179894
3 0.5243055555555556 0.6044973544973545 0.0496031746031746 0.04034391534391534
7 0.3803323412698413 0.5777116402116402 0.036458333333333336 0.06878306878306878
8 0.37971230158730157 0.7124669312169312 0.03373015873015873 0.07705026455026455
30 0.40649801587301587 0.49718915343915343 0.030257936507936508 0.04794973544973545
31 0.7142857142857143 0.4050925925925926 0.052083333333333336 0.04894179894179894
27 0.6686507936507936 0.6018518518518519 0.03521825396825397 0.0582010582010582
9 0.7568204365079365 0.5729166666666666 0.03844246031746032 0.05191798941798942
10 0.6820436507936508 0.7060185185185185 0.032242063492063495 0.06613756613756613
9 0.5845734126984127 0.4644510582010582 0.03670634920634921 0.050595238095238096
3 0.5221974206349206 0.5082671957671958 0.048859126984126984 0.06481481481481481
4 0.6257440476190477 0.5391865079365079 0.02976190476190476 0.06977513227513228
5 0.6868799603174603 0.517691798941799 0.051835317460317464 0.045965608465608467
17 0.6112351190476191 0.6765873015873016 0.05679563492063492 0.06812169312169312
17 0.5776289682539683 0.5553902116402116 0.042162698412698416 0.06382275132275132
23 0.7294146825396826 0.7628968253968254 0.043154761904761904 0.07605820105820106
20 0.6427331349206349 0.7706679894179894 0.031001984126984128 0.06911375661375661
22 0.6530257936507936 0.43468915343915343 0.05406746031746032 0.04265873015873016
18 0.7883184523809523 0.42724867724867727 0.033482142857142856 0.06613756613756613
0 0.6626984126984127 0.11706349206349206 0.040674603174603176 0.07076719576719577
4 0.7212301587301587 0.14169973544973544 0.052083333333333336 0.05853174603174603
2 0.7687251984126984 0.22800925925925927 0.028521825396825396 0.07506613756613757
21 0.8154761904761905 0.3273809523809524 0.0496031746031746 0.07671957671957672
21 0.6984126984126984 0.3134920634920635 0.05555555555555555 0.06746031746031746
26 0.6711309523809523 0.23015873015873015 0.052083333333333336 0.08267195767195767
11 0.626984126984127 0.3506944444444444 0.05704365079365079 0.028769841269841268
15 0.6062748015873016 0.25148809523809523 0.03844246031746032 0.07771164021164022
33 0.7631448412698413 0.3219246031746032 0.03273809523809524 0.05125661375661376
27 0.5876736111111112 0.148478835978836 0.04290674603174603 0.056878306878306875