13 0.24479166666666666 0.14951508620689655 0.04489942528735632 0.05387931034482758
24 0.3083692528735632 0.11503232758620689 0.05064655172413793 0.05872844827586207
8 0.35174209770114945 0.16958512931034483 0.052262931034482756 0.048760775862068964
3 0.29346264367816094 0.20581896551724138 0.04454022988505747 0.05872844827586207
8 0.2116558908045977 0.21672952586206898 0.03933189655172414 0.0660021551724138
6 0.18148347701149425 0.3192349137931034 0.029274425287356323 0.07650862068965517
0 0.4791666666666667 0.15328663793103448 0.03879310344827586 0.06788793103448276
3 0.46048850574712646 0.2945851293103448 0.033045977011494254 0.07354525862068965
3 0.49595905172413796 0.4325161637931034 0.044360632183908046 0.06923491379310345
2 0.5445402298850575 0.4894935344827586 0.04849137931034483 0.052262931034482756
4 0.5668103448275862 0.33459051724137934 0.05316091954022988 0.052262931034482756
8 0.3484195402298851 0.5354256465517241 0.03843390804597701 0.06815732758620689
2 0.3036997126436782 0.6186691810344828 0.05172413793103448 0.04337284482758621
5 0.5759698275862069 0.6109913793103449 0.05028735632183908 0.04525862068965517
12 0.5623204022988506 0.5494342672413793 0.042385057471264365 0.05199353448275862
12 0.5216415229885057 0.611395474137931 0.037176724137931036 0.060614224137931036
15 0.4698275862068966 0.5817618534482759 0.03879310344827586 0.07839439655172414
14 0.29920977011494254 0.4854525862068966 0.05100574712643678 0.06357758620689655
14 0.3151041666666667 0.3894127155172414 0.048670977011494254 0.05522629310344827
10 0.36673850574712646 0.24649784482758622 0.04418103448275862 0.03987068965517242
16 0.319683908045977 0.3025323275862069 0.033045977011494254 0.07704741379310345
9 0.37212643678160917 0.31047952586206895 0.035919540229885055 0.05522629310344827
13 0.5167923850574713 0.2179418103448276 0.0454382183908046 0.06357758620689655
14 0.5647449712643678 0.18790409482758622 0.04400143678160919 0.06977370689655173
18 0.16307471264367815 0.4587823275862069 0.0334051724137931 0.07165948275862069
25 0.2231501436781609 0.4074622844827586 0.052262931034482756 0.04822198275862069
20 0.26742097701149425 0.33917025862068967 0.054238505747126436 0.047952586206896554
19 0.2548491379310345 0.2555226293103448 0.035919540229885055 0.055765086206896554
23 0.24200790229885058 0.5142780172413793 0.05262212643678161 0.08081896551724138
21 0.19674928160919541 0.5853987068965517 0.0454382183908046 0.08459051724137931
22 0.14511494252873564 0.5871497844827587 0.04489942528735632 0.08324353448275862
10 0.1265265804597701 0.3572198275862069 0.025682471264367818 0.07165948275862069
21 0.44243893678160917 0.21066810344827586 0.05190373563218391 0.06734913793103449
25 0.5079920977011494 0.31505926724137934 0.051544540229885055 0.06546336206896551
18 0.4510596264367816 0.36651400862068967 0.046875 0.0568426724137931
31 0.37742456896551724 0.3922413793103448 0.04974856321839081 0.04956896551724138
27 0.5968031609195402 0.2691271551724138 0.03627873563218391 0.059267241379310345
11 0.19387571839080459 0.6830549568965517 0.03142959770114943 0.07785560344827586
14 0.36170977011494254 0.6263469827586207 0.033045977011494254 0.07596982758620689
16 0.41163793103448276 0.658135775862069 0.03915229885057471 0.08459051724137931
20 0.3280352011494253 0.7303340517241379 0.03178879310344827 0.07596982758620689
19 0.5359195402298851 0.7583512931034483 0.024066091954022987 0.07543103448275862
1 0.3879310344827586 0.7456896551724138 0.041666666666666664 0.06627155172413793
7 0.3310883620689655 0.8581627155172413 0.037176724137931036 0.07893318965517242
6 0.27738864942528735 0.8002424568965517 0.052262931034482756 0.06384698275862069
6 0.28412356321839083 0.7044719827586207 0.028017241379310345 0.08135775862068965
4 0.23617097701149425 0.703125 0.0326867816091954 0.08028017241379311
29 0.45923132183908044 0.7075700431034483 0.029094827586206896 0.05199353448275862
32 0.5936602011494253 0.6903286637931034 0.03178879310344827 0.06169181034482758
30 0.5809985632183908 0.8166756465517241 0.03017241379310345 0.05630387931034483
18 0.6857938218390804 0.7785560344827587 0.046875 0.05818965517241379
20 0.6655890804597702 0.5443157327586207 0.04741379310344827 0.05037715517241379
26 0.6114403735632183 0.48450969827586204 0.05765086206896552 0.06923491379310345
19 0.6261673850574713 0.36395474137931033 0.049389367816091954 0.022629310344827586
20 0.6776221264367817 0.34832974137931033 0.033045977011494254 0.07112068965517242
24 0.7260237068965517 0.31842672413793105 0.052262931034482756 0.05387931034482758
13 0.6645114942528736 0.6819773706896551 0.04525862068965517 0.06492456896551724
33 0.7255747126436781 0.6900592672413793 0.03017241379310345 0.06384698275862069
29 0.7298850574712644 0.544989224137931 0.027298850574712645 0.050107758620689655
32 0.6806752873563219 0.48424030172413796 0.03987068965517242 0.04283405172413793
4 0.6408943965517241 0.5990032327586207 0.05190373563218391 0.04714439655172414
7 0.7151580459770115 0.41042564655172414 0.04777298850574713 0.05199353448275862
11 0.6410739942528736 0.22103987068965517 0.03753591954022988 0.06977370689655173
16 0.6849856321839081 0.23397090517241378 0.0305316091954023 0.0746228448275862