16 0.5487351190476191 0.5401785714285714 0.06473214285714286 0.08167989417989419
16 0.5969742063492064 0.6254960317460317 0.05654761904761905 0.0916005291005291
27 0.1892361111111111 0.5370370370370371 0.05704365079365079 0.056216931216931214
31 0.4680059523809524 0.08697089947089948 0.06646825396825397 0.07208994708994709
30 0.5252976190476191 0.7357804232804233 0.034722222222222224 0.056216931216931214
28 0.36706349206349204 0.6383928571428571 0.043154761904761904 0.054563492063492064
29 0.6338045634920635 0.8596230158730159 0.035962301587301584 0.05654761904761905
13 0.8609871031746031 0.5972222222222222 0.053323412698412696 0.07738095238095238
3 0.8055555555555556 0.47619047619047616 0.06101190476190476 0.06481481481481481
21 0.13368055555555555 0.6617063492063492 0.062003968253968256 0.05092592592592592
20 0.10243055555555555 0.3826058201058201 0.06001984126984127 0.07341269841269842
29 0.6468253968253969 0.6671626984126984 0.03720238095238095 0.05257936507936508
17 0.20932539682539683 0.7215608465608465 0.06299603174603174 0.0787037037037037
16 0.17807539682539683 0.8189484126984127 0.057539682539682536 0.06514550264550265
1 0.19109623015873015 0.12632275132275134 0.061755952380952384 0.06415343915343916
26 0.3601190476190476 0.12880291005291006 0.0689484126984127 0.06316137566137567
8 0.3559027777777778 0.21246693121693122 0.06299603174603174 0.04398148148148148
6 0.36532738095238093 0.283234126984127 0.0625 0.044642857142857144
12 0.09089781746031746 0.267526455026455 0.05233134920634921 0.0701058201058201
18 0.14223710317460317 0.3040674603174603 0.04935515873015873 0.06779100529100529
24 0.18018353174603174 0.3609457671957672 0.06324404761904762 0.07903439153439154
12 0.2279265873015873 0.3998015873015873 0.053075396825396824 0.0667989417989418
2 0.25892857142857145 0.47040343915343913 0.05654761904761905 0.06514550264550265
13 0.33370535714285715 0.44494047619047616 0.04241071428571429 0.06646825396825397
10 0.2697172619047619 0.5515873015873016 0.05133928571428571 0.061507936507936505
15 0.2099454365079365 0.6266534391534392 0.061755952380952384 0.07605820105820106
32 0.35379464285714285 0.3576388888888889 0.053323412698412696 0.044642857142857144
19 0.37388392857142855 0.5256283068783069 0.04836309523809524 0.05654761904761905
16 0.44742063492063494 0.5500992063492064 0.06597222222222222 0.06712962962962964
7 0.45002480158730157 0.6314484126984127 0.06076388888888889 0.05257936507936508
24 0.4366319444444444 0.7035383597883598 0.06522817460317461 0.06580687830687831
19 0.39694940476190477 0.7680224867724867 0.0642361111111111 0.04265873015873016
29 0.2021329365079365 0.242228835978836 0.03968253968253968 0.05588624338624339
7 0.24479166666666666 0.2924933862433862 0.05009920634920635 0.07903439153439154
15 0.2542162698412698 0.19196428571428573 0.0689484126984127 0.07175925925925926
5 0.1427331349206349 0.18716931216931218 0.04985119047619048 0.08862433862433862
9 0.3196924603174603 0.5927579365079365 0.0441468253968254 0.05853174603174603
4 0.2847222222222222 0.6888227513227513 0.044642857142857144 0.08928571428571429
12 0.3306051587301587 0.7366071428571429 0.046130952380952384 0.0710978835978836
24 0.26587301587301587 0.8167989417989417 0.05654761904761905 0.09391534391534391
23 0.7352430555555556 0.8371362433862434 0.06374007936507936 0.05720899470899471
25 0.6887400793650794 0.7572751322751323 0.06746031746031746 0.07208994708994709
22 0.7903025793650794 0.7114748677248677 0.06770833333333333 0.08630952380952381
11 0.7229662698412699 0.6468253968253969 0.05555555555555555 0.07407407407407407
8 0.7354910714285714 0.5537367724867724 0.06076388888888889 0.04927248677248677
8 0.6555059523809523 0.5540674603174603 0.06398809523809523 0.0419973544973545
18 0.7092013888888888 0.4642857142857143 0.05381944444444445 0.061507936507936505
17 0.6283482142857143 0.4661044973544973 0.047371031746031744 0.07771164021164022
21 0.5515873015873016 0.39798280423280424 0.04265873015873016 0.08234126984126984
27 0.6463293650793651 0.3673941798941799 0.040674603174603176 0.07076719576719577
4 0.7454117063492064 0.3860780423280423 0.061755952380952384 0.04927248677248677
4 0.48735119047619047 0.1779100529100529 0.0625 0.047619047619047616
1 0.47693452380952384 0.2511574074074074 0.06349206349206349 0.044642857142857144
1 0.46118551587301587 0.3290343915343915 0.057291666666666664 0.04497354497354497
6 0.5466269841269841 0.3106812169312169 0.0625 0.04861111111111111
2 0.5589037698412699 0.22635582010582012 0.0339781746031746 0.08366402116402116
9 0.5776289682539683 0.13111772486772486 0.04513888888888889 0.06117724867724868
20 0.6670386904761905 0.06299603174603174 0.04836309523809524 0.0796957671957672
21 0.6625744047619048 0.15591931216931218 0.06274801587301587 0.05588624338624339
20 0.6204117063492064 0.26769179894179895 0.03943452380952381 0.07837301587301587
11 0.7359871031746031 0.11673280423280423 0.06572420634920635 0.036375661375661374
6 0.7353670634920635 0.22883597883597884 0.04365079365079365 0.0787037037037037
14 0.6812996031746031 0.2587632275132275 0.05009920634920635 0.08498677248677249
28 0.7992311507936508 0.27744708994708994 0.041914682539682536 0.052248677248677246