29 0.3368055555555556 0.11408730158730158 0.031746031746031744 0.04563492063492063
29 0.28236607142857145 0.17708333333333334 0.033482142857142856 0.040674603174603176
29 0.37648809523809523 0.3017526455026455 0.030257936507936508 0.04398148148148148
29 0.5549355158730159 0.21577380952380953 0.035962301587301584 0.045965608465608467
31 0.3141121031746032 0.2786044973544973 0.03794642857142857 0.07506613756613757
28 0.2669890873015873 0.37334656084656087 0.043402777777777776 0.042328042328042326
27 0.5902777777777778 0.1531084656084656 0.04017857142857143 0.0496031746031746
33 0.550719246031746 0.31812169312169314 0.031994047619047616 0.04563492063492063
1 0.4991319444444444 0.273478835978836 0.03050595238095238 0.0667989417989418
8 0.4035218253968254 0.1693121693121693 0.04117063492063492 0.06481481481481481
5 0.2648809523809524 0.2804232804232804 0.03521825396825397 0.07208994708994709
18 0.291046626984127 0.08300264550264551 0.04141865079365079 0.06481481481481481
23 0.22842261904761904 0.12648809523809523 0.040674603174603176 0.07837301587301587
24 0.21155753968253968 0.2058531746031746 0.05853174603174603 0.050595238095238096
11 0.2065972222222222 0.27992724867724866 0.05406746031746032 0.05720899470899471
12 0.4269593253968254 0.26173941798941797 0.04439484126984127 0.050595238095238096
26 0.40935019841269843 0.38310185185185186 0.061755952380952384 0.059854497354497355
16 0.33035714285714285 0.35730820105820105 0.06001984126984127 0.05588624338624339
9 0.45696924603174605 0.3376322751322751 0.03695436507936508 0.051587301587301584
12 0.2509920634920635 0.4523809523809524 0.04662698412698413 0.0496031746031746
15 0.3444940476190476 0.20205026455026456 0.06001984126984127 0.05423280423280423
21 0.49441964285714285 0.14285714285714285 0.05580357142857143 0.061507936507936505
13 0.5394345238095238 0.41369047619047616 0.046130952380952384 0.06481481481481481
13 0.34945436507936506 0.4689153439153439 0.04861111111111111 0.05952380952380952
13 0.46217757936507936 0.5 0.04092261904761905 0.06283068783068783
2 0.21391369047619047 0.5221560846560847 0.03844246031746032 0.07605820105820106
25 0.24937996031746032 0.578042328042328 0.05084325396825397 0.07738095238095238
23 0.26438492063492064 0.6729497354497355 0.05704365079365079 0.052248677248677246
24 0.44208829365079366 0.654265873015873 0.056299603174603176 0.05853174603174603
17 0.3384176587301587 0.6683201058201058 0.058779761904761904 0.07738095238095238
10 0.26599702380952384 0.7701719576719577 0.026537698412698412 0.06812169312169312
9 0.5155009920634921 0.7114748677248677 0.03695436507936508 0.050595238095238096
17 0.5807291666666666 0.562665343915344 0.041914682539682536 0.06514550264550265
18 0.31138392857142855 0.5901124338624338 0.048859126984126984 0.05191798941798942
28 0.3263888888888889 0.7893518518518519 0.03273809523809524 0.05291005291005291
30 0.5612599206349206 0.7837301587301587 0.034722222222222224 0.041005291005291
30 0.40947420634920634 0.5049603174603174 0.030753968253968252 0.04563492063492063
0 0.326140873015873 0.5254629629629629 0.051587301587301584 0.0496031746031746
7 0.3819444444444444 0.5858134920634921 0.03720238095238095 0.06845238095238096
2 0.45436507936507936 0.5851521164021164 0.05257936507936508 0.050595238095238096
3 0.5262896825396826 0.6111111111111112 0.05109126984126984 0.041005291005291
3 0.5250496031746031 0.5140542328042328 0.046130952380952384 0.06514550264550265
4 0.6274801587301587 0.5472883597883598 0.028769841269841268 0.0701058201058201
5 0.689484126984127 0.5239748677248677 0.05357142857142857 0.04332010582010582
9 0.7593005952380952 0.5818452380952381 0.038938492063492064 0.05324074074074074
10 0.6842757936507936 0.7129629629629629 0.033234126984126984 0.06746031746031746
9 0.5868055555555556 0.4710648148148148 0.03670634920634921 0.04927248677248677
17 0.6129712301587301 0.6843584656084656 0.056299603174603176 0.06779100529100529
20 0.6454613095238095 0.7777777777777778 0.031994047619047616 0.06944444444444445
14 0.7315228174603174 0.7711640211640212 0.04389880952380952 0.07738095238095238
27 0.6715029761904762 0.6087962962962963 0.038938492063492064 0.06547619047619048
18 0.7917906746031746 0.43369708994708994 0.037450396825396824 0.06514550264550265
22 0.6564980158730159 0.44031084656084657 0.053075396825396824 0.04265873015873016
31 0.7183779761904762 0.4117063492063492 0.054811507936507936 0.05092592592592592
0 0.6665426587301587 0.12268518518518519 0.03794642857142857 0.07142857142857142
4 0.7242063492063492 0.14914021164021163 0.052083333333333336 0.057539682539682536
2 0.7731894841269841 0.23346560846560846 0.0339781746031746 0.07473544973544974
11 0.6302083333333334 0.35697751322751325 0.05704365079365079 0.030753968253968252
21 0.7010168650793651 0.3194444444444444 0.056299603174603176 0.06812169312169312
26 0.6750992063492064 0.2361111111111111 0.053075396825396824 0.082010582010582
15 0.6097470238095238 0.2576058201058201 0.03794642857142857 0.07804232804232804
33 0.7671130952380952 0.32688492063492064 0.031746031746031744 0.044642857142857144
21 0.8193204365079365 0.33449074074074076 0.04836309523809524 0.07572751322751323