32 0.04348958333333333 0.700925925925926 0.04010416666666666 0.10185185185185186
4 0.09947916666666666 0.6962962962962963 0.04583333333333333 0.10555555555555556
7 0.55703125 0.6648148148148149 0.0359375 0.10740740740740741
7 0.8002604166666667 0.6453703703703704 0.0484375 0.12222222222222223
0 0.7380208333333333 0.6527777777777778 0.04583333333333333 0.10740740740740741
18 0.15677083333333333 0.6976851851851852 0.04583333333333333 0.09722222222222222
26 0.21536458333333333 0.6847222222222222 0.0484375 0.11574074074074074
25 0.2703125 0.6833333333333333 0.04375 0.11666666666666667
25 0.615625 0.6574074074074074 0.04895833333333333 0.12037037037037038
14 0.32734375 0.6819444444444445 0.04114583333333333 0.11018518518518519
14 0.4979166666666667 0.6648148148148149 0.04791666666666666 0.11296296296296297
9 0.3848958333333333 0.6810185185185186 0.052083333333333336 0.09722222222222222
17 0.44244791666666666 0.6652777777777779 0.049479166666666664 0.10462962962962963
11 0.6783854166666666 0.6518518518518519 0.050520833333333334 0.12222222222222223
19 0.8624999999999999 0.6425925925925926 0.034375 0.11111111111111112
