21 0.1625 0.5865740740740741 0.046875 0.11944444444444445
3 0.22317708333333333 0.5833333333333334 0.049479166666666664 0.10740740740740741
19 0.28359375 0.5842592592592593 0.033854166666666664 0.10740740740740741
26 0.34348958333333335 0.5782407407407407 0.0484375 0.125
0 0.4028645833333333 0.5824074074074075 0.043229166666666666 0.10370370370370371
24 0.4596354166666667 0.5810185185185185 0.0453125 0.1175925925925926
8 0.5153645833333333 0.5768518518518518 0.04010416666666666 0.10925925925925926
33 0.5739583333333333 0.5708333333333333 0.04375 0.09722222222222222
12 0.6299479166666666 0.5722222222222223 0.04114583333333333 0.08518518518518518
4 0.6869791666666667 0.5703703703703704 0.040625 0.10555555555555556
13 0.74453125 0.5694444444444444 0.0453125 0.10185185185185186
13 0.80078125 0.5680555555555555 0.0484375 0.10462962962962963
1 0.8591145833333333 0.5675925925925926 0.0453125 0.10370370370370371
3 0.9135416666666667 0.5666666666666667 0.046875 0.10740740740740741
