9 0.06979166666666667 0.4759259259259259 0.04583333333333333 0.08333333333333334
30 0.12578125 0.47685185185185186 0.04114583333333333 0.07222222222222223
23 0.18046875 0.46805555555555556 0.049479166666666664 0.10648148148148148
3 0.2359375 0.46342592592592596 0.04583333333333333 0.11018518518518519
13 0.29296875 0.4587962962962963 0.04635416666666667 0.09537037037037037
21 0.34661458333333334 0.45833333333333337 0.0453125 0.10185185185185186
16 0.4041666666666667 0.45740740740740743 0.041666666666666664 0.10555555555555556
1 0.4596354166666667 0.4518518518518519 0.034895833333333334 0.09814814814814815
15 0.5130208333333334 0.45555555555555555 0.04479166666666667 0.10740740740740741
0 0.5669270833333333 0.45231481481481484 0.0359375 0.08981481481481482
0 0.7330729166666666 0.4481481481481482 0.03802083333333333 0.09444444444444444
23 0.6216145833333333 0.44953703703703707 0.043229166666666666 0.10092592592592593
20 0.6747395833333333 0.45046296296296295 0.0390625 0.09907407407407408
22 0.7890625 0.4481481481481482 0.04375 0.10555555555555556
