11 0.09192708333333333 0.4601851851851852 0.05364583333333333 0.10925925925925926
11 0.31640625 0.4564814814814815 0.0484375 0.10740740740740741
27 0.14921875 0.45833333333333337 0.04739583333333333 0.0962962962962963
2 0.20494791666666667 0.4601851851851852 0.04114583333333333 0.10555555555555556
11 0.26145833333333335 0.45833333333333337 0.041666666666666664 0.11296296296296297
15 0.36875 0.4587962962962963 0.04583333333333333 0.11203703703703705
14 0.42526041666666664 0.45601851851851855 0.04010416666666666 0.10648148148148148
13 0.48125 0.4527777777777778 0.04791666666666666 0.0962962962962963
10 0.5315104166666667 0.45462962962962966 0.0359375 0.10370370370370371
20 0.5872395833333334 0.45833333333333337 0.0359375 0.11481481481481481
4 0.6408854166666667 0.45601851851851855 0.034895833333333334 0.10277777777777779
12 0.6953125 0.4587962962962963 0.042708333333333334 0.08796296296296297
12 0.75078125 0.4569444444444445 0.043229166666666666 0.09166666666666667
17 0.80625 0.4587962962962963 0.05416666666666667 0.09722222222222222
