6 0.07526041666666666 0.4305555555555556 0.043229166666666666 0.11666666666666667
28 0.12890625 0.42962962962962964 0.0453125 0.09814814814814815
26 0.18203125 0.4273148148148148 0.0453125 0.11203703703703705
32 0.23072916666666665 0.4240740740740741 0.034375 0.0925925925925926
29 0.28489583333333335 0.4175925925925926 0.03854166666666667 0.07777777777777778
8 0.33541666666666664 0.4226851851851852 0.03854166666666667 0.11203703703703705
15 0.38984375 0.42453703703703705 0.04739583333333333 0.11018518518518519
5 0.4421875 0.425462962962963 0.03854166666666667 0.11203703703703705
16 0.49140625 0.42129629629629634 0.0453125 0.11111111111111112
33 0.5466145833333333 0.42129629629629634 0.0421875 0.07407407407407407
18 0.5986979166666666 0.4166666666666667 0.0421875 0.10185185185185186
21 0.65 0.4189814814814815 0.03958333333333333 0.11388888888888889
17 0.7013020833333333 0.41203703703703703 0.04635416666666667 0.11111111111111112
31 0.7541666666666667 0.41064814814814815 0.042708333333333334 0.10648148148148148
