11 0.13854166666666667 0.3111111111111111 0.0375 0.1
18 0.175 0.3111111111111111 0.0375 0.1
20 0.21770833333333334 0.3175925925925926 0.03125 0.10925925925925926
26 0.25677083333333334 0.32592592592592595 0.034375 0.10370370370370371
27 0.3015625 0.33981481481481485 0.03229166666666666 0.08703703703703704
1 0.34375 0.3388888888888889 0.03125 0.1
31 0.39010416666666664 0.3425925925925926 0.036458333333333336 0.10370370370370371
15 0.43645833333333334 0.35000000000000003 0.041666666666666664 0.11111111111111112
19 0.484375 0.3601851851851852 0.01875 0.11296296296296297
0 0.5364583333333334 0.3611111111111111 0.03958333333333333 0.11481481481481481
9 0.5895833333333333 0.3648148148148148 0.04791666666666666 0.08148148148148149
17 0.6473958333333333 0.3731481481481482 0.05520833333333333 0.10925925925925926
30 0.7036458333333333 0.37962962962962965 0.042708333333333334 0.08148148148148149
15 0.7677083333333333 0.39351851851851855 0.052083333333333336 0.13148148148148148
21 0.8317708333333333 0.40185185185185185 0.051041666666666666 0.12962962962962962
10 0.8994791666666666 0.41111111111111115 0.046875 0.12592592592592594
