21 0.04635416666666667 0.5407407407407407 0.04895833333333333 0.11851851851851852
3 0.10494791666666667 0.5398148148148149 0.0484375 0.10740740740740741
19 0.16614583333333333 0.5416666666666667 0.04375 0.10740740740740741
26 0.22265625 0.5388888888888889 0.0453125 0.11851851851851852
0 0.28229166666666666 0.538425925925926 0.040625 0.10462962962962963
24 0.3390625 0.5421296296296296 0.04375 0.11388888888888889
8 0.396875 0.5393518518518519 0.03854166666666667 0.11388888888888889
33 0.4518229166666667 0.5393518518518519 0.043229166666666666 0.07685185185185185
12 0.5091145833333334 0.5393518518518519 0.04010416666666666 0.09722222222222222
4 0.5643229166666667 0.5333333333333333 0.03697916666666667 0.10740740740740741
13 0.6197916666666666 0.5388888888888889 0.04375 0.09074074074074075
13 0.6760416666666667 0.538425925925926 0.04479166666666667 0.09537037037037037
1 0.7328125 0.5398148148148149 0.041666666666666664 0.10185185185185186
3 0.78828125 0.5416666666666667 0.034895833333333334 0.10740740740740741
