32 0.11276041666666667 0.7467592592592592 0.028645833333333332 0.08240740740740742
4 0.15390625 0.7453703703703703 0.03177083333333333 0.09444444444444444
7 0.515625 0.7175925925925927 0.03958333333333333 0.11111111111111112
7 0.74921875 0.7087962962962964 0.044270833333333336 0.125
0 0.6861979166666666 0.7092592592592593 0.04635416666666667 0.11296296296296297
18 0.19401041666666666 0.7407407407407408 0.034895833333333334 0.0925925925925926
26 0.23541666666666666 0.7337962962962963 0.040625 0.10648148148148148
25 0.28098958333333335 0.7314814814814815 0.0421875 0.10370370370370371
25 0.5705729166666667 0.7157407407407408 0.0484375 0.11481481481481481
14 0.321875 0.7287037037037037 0.03854166666666667 0.11111111111111112
14 0.46588541666666666 0.7162037037037037 0.03802083333333333 0.11388888888888889
11 0.6291666666666667 0.7148148148148148 0.04791666666666666 0.12222222222222223
19 0.8153645833333333 0.6986111111111112 0.034895833333333334 0.1398148148148148
18 0.3677083333333333 0.7296296296296296 0.0375 0.08703703703703704
17 0.41692708333333334 0.7273148148148149 0.05364583333333333 0.10648148148148148
