6 0.10625 0.6782407407407408 0.035416666666666666 0.09351851851851853
28 0.15078125 0.6731481481481482 0.03697916666666667 0.07777777777777778
26 0.19583333333333333 0.6643518518518519 0.041666666666666664 0.10648148148148148
32 0.24010416666666667 0.6523148148148148 0.034375 0.08425925925925926
29 0.28619791666666666 0.6402777777777778 0.03802083333333333 0.0712962962962963
8 0.33203125 0.6310185185185185 0.04010416666666666 0.09907407407407408
15 0.3796875 0.6268518518518519 0.04375 0.10555555555555556
5 0.42890625 0.6092592592592593 0.03802083333333333 0.10370370370370371
16 0.47812499999999997 0.5995370370370371 0.035416666666666666 0.11388888888888889
33 0.5286458333333334 0.5925925925925926 0.040625 0.07777777777777778
18 0.5791666666666666 0.576388888888889 0.0375 0.09722222222222222
21 0.63203125 0.5689814814814815 0.0390625 0.10833333333333334
17 0.6888020833333334 0.5574074074074075 0.05364583333333333 0.10185185185185186
31 0.7440104166666667 0.5388888888888889 0.050520833333333334 0.10740740740740741
