6 0.16979166666666667 0.5319444444444444 0.06354166666666666 0.14537037037037037
28 0.24192708333333332 0.5333333333333333 0.05364583333333333 0.10925925925925926
26 0.3059895833333333 0.538425925925926 0.05364583333333333 0.12314814814814816
32 0.3671875 0.538425925925926 0.03229166666666666 0.08981481481481482
29 0.4231770833333333 0.5430555555555556 0.03802083333333333 0.09537037037037037
8 0.4752604166666667 0.5509259259259259 0.0328125 0.11296296296296297
15 0.52578125 0.5541666666666667 0.04010416666666666 0.1212962962962963
5 0.5705729166666667 0.5578703703703703 0.0421875 0.11388888888888889
16 0.61640625 0.5555555555555556 0.03802083333333333 0.11666666666666667
16 0.6567708333333333 0.5615740740740741 0.03333333333333333 0.08055555555555556
18 0.6966145833333334 0.5643518518518519 0.034895833333333334 0.09351851851851853
21 0.7364583333333333 0.5694444444444444 0.029166666666666667 0.10185185185185186
17 0.7744791666666666 0.5680555555555555 0.0375 0.10462962962962963
31 0.8083333333333333 0.5643518518518519 0.030208333333333334 0.09907407407407408
