22 0.09114583333333333 0.5662037037037038 0.05520833333333333 0.13055555555555556
22 0.77265625 0.5541666666666667 0.03697916666666667 0.10092592592592593
18 0.41953124999999997 0.5486111111111112 0.043229166666666666 0.10092592592592593
18 0.47734375 0.5421296296296296 0.043229166666666666 0.10092592592592593
2 0.16484375 0.5587962962962963 0.04739583333333333 0.12685185185185185
20 0.23255208333333333 0.5587962962962963 0.05260416666666667 0.12685185185185185
15 0.2984375 0.5560185185185186 0.052083333333333336 0.1175925925925926
23 0.3578125 0.5550925925925926 0.046875 0.11574074074074074
5 0.5278645833333333 0.5458333333333334 0.03697916666666667 0.10833333333333334
24 0.5815104166666667 0.5472222222222223 0.0421875 0.11111111111111112
6 0.62890625 0.549074074074074 0.0328125 0.11111111111111112
7 0.6786458333333333 0.5476851851851852 0.036458333333333336 0.10833333333333334
30 0.72734375 0.5527777777777778 0.0328125 0.07037037037037037
10 0.8161458333333333 0.5513888888888889 0.03333333333333333 0.09537037037037037
