11 0.11067708333333333 0.5967592592592593 0.0296875 0.10462962962962963
11 0.27708333333333335 0.5712962962962963 0.03958333333333333 0.10740740740740741
27 0.15052083333333333 0.5893518518518519 0.03229166666666666 0.08981481481481482
2 0.1921875 0.5824074074074075 0.03125 0.10555555555555556
16 0.23541666666666666 0.5745370370370371 0.035416666666666666 0.11388888888888889
15 0.3247395833333333 0.562962962962963 0.0453125 0.10740740740740741
14 0.3731770833333333 0.5537037037037037 0.033854166666666664 0.10740740740740741
13 0.42161458333333335 0.5453703703703704 0.043229166666666666 0.10185185185185186
10 0.4765625 0.5347222222222222 0.03333333333333333 0.11203703703703705
20 0.5278645833333333 0.5273148148148148 0.0390625 0.11388888888888889
4 0.5856770833333333 0.5185185185185185 0.0421875 0.12407407407407407
12 0.6455729166666666 0.5055555555555555 0.0484375 0.10740740740740741
12 0.70859375 0.4990740740740741 0.04739583333333333 0.10370370370370371
17 0.7752604166666667 0.4953703703703704 0.06614583333333333 0.1277777777777778
