9 0.15208333333333332 0.5152777777777778 0.0625 0.1175925925925926
14 0.22421875 0.5189814814814815 0.0546875 0.13425925925925927
10 0.28854166666666664 0.5120370370370371 0.0375 0.12592592592592594
18 0.3497395833333333 0.5175925925925926 0.0484375 0.12222222222222223
8 0.40572916666666664 0.5180555555555556 0.041666666666666664 0.12685185185185185
8 0.73828125 0.5185185185185185 0.025520833333333333 0.0962962962962963
11 0.45677083333333335 0.5208333333333334 0.040625 0.11944444444444445
5 0.50546875 0.5157407407407407 0.0328125 0.11296296296296297
20 0.5505208333333333 0.5143518518518518 0.03333333333333333 0.10462962962962963
26 0.5924479166666666 0.513888888888889 0.034895833333333334 0.11111111111111112
28 0.63125 0.5125000000000001 0.030208333333333334 0.07685185185185185
2 0.6703125 0.5166666666666667 0.027083333333333334 0.10370370370370371
22 0.7067708333333333 0.5189814814814815 0.030208333333333334 0.10092592592592593
6 0.7721354166666666 0.5185185185185185 0.025520833333333333 0.10185185185185186
