19 0.03828125 0.6231481481481481 0.03697916666666667 0.12037037037037038
21 0.10052083333333334 0.6226851851851852 0.051041666666666666 0.11388888888888889
33 0.16302083333333334 0.6171296296296297 0.053125 0.08981481481481482
31 0.221875 0.6129629629629629 0.05 0.11666666666666667
31 0.5213541666666667 0.5981481481481482 0.04791666666666666 0.11666666666666667
27 0.2817708333333333 0.612037037037037 0.05 0.09814814814814815
27 0.40078125 0.6018518518518519 0.0515625 0.10925925925925926
27 0.64375 0.5921296296296297 0.04895833333333333 0.09907407407407408
29 0.3411458333333333 0.6023148148148149 0.046875 0.07685185185185185
29 0.8294270833333334 0.5898148148148148 0.0453125 0.08333333333333334
28 0.7645833333333333 0.5884259259259259 0.046875 0.09351851851851853
4 0.7026041666666667 0.5944444444444444 0.04895833333333333 0.12407407407407407
30 0.5799479166666667 0.5935185185185186 0.0453125 0.08333333333333334
23 0.46041666666666664 0.5962962962962963 0.046875 0.12037037037037038
