21 0.33489583333333334 0.4467592592592593 0.04791666666666666 0.13240740740740742
3 0.4 0.46342592592592596 0.040625 0.12314814814814816
19 0.46197916666666666 0.47870370370370374 0.034375 0.13148148148148148
26 0.5213541666666667 0.48842592592592593 0.041666666666666664 0.13240740740740742
0 0.5791666666666666 0.5032407407407408 0.0375 0.11388888888888889
6 0.63046875 0.5152777777777778 0.0453125 0.12685185185185185
8 0.6809895833333334 0.5273148148148148 0.034895833333333334 0.11944444444444445
33 0.7322916666666667 0.537962962962963 0.040625 0.08148148148148149
12 0.7817708333333333 0.5481481481481482 0.035416666666666666 0.08333333333333334
4 0.82890625 0.5560185185185186 0.028645833333333332 0.1175925925925926
13 0.8716145833333333 0.5666666666666667 0.04010416666666666 0.10740740740740741
13 0.9171874999999999 0.5773148148148148 0.034375 0.09907407407407408
1 0.9583333333333334 0.5865740740740741 0.025 0.10092592592592593
