32 0.15 0.5731481481481482 0.04583333333333333 0.11666666666666667
4 0.21979166666666666 0.5773148148148148 0.046875 0.11944444444444445
7 0.6625 0.612037037037037 0.03229166666666666 0.10370370370370371
7 0.8403645833333333 0.625925925925926 0.03177083333333333 0.10185185185185186
0 0.7966145833333333 0.6263888888888889 0.033854166666666664 0.10833333333333334
18 0.28541666666666665 0.5837962962962964 0.051041666666666666 0.10277777777777779
26 0.34609375 0.5814814814814815 0.05364583333333333 0.12592592592592594
25 0.403125 0.5875 0.051041666666666666 0.13055555555555556
14 0.4578125 0.5944444444444444 0.041666666666666664 0.11666666666666667
14 0.6125 0.6037037037037037 0.03854166666666667 0.11111111111111112
19 0.8786458333333333 0.6310185185185185 0.022916666666666665 0.09907407407407408
9 0.5114583333333333 0.6023148148148149 0.042708333333333334 0.08981481481481482
17 0.56484375 0.6023148148148149 0.0453125 0.10277777777777779
11 0.7544270833333333 0.6226851851851852 0.04635416666666667 0.10833333333333334
25 0.7059895833333333 0.6129629629629629 0.03697916666666667 0.11666666666666667
