10 0.9249999999999999 0.5324074074074074 0.03958333333333333 0.11666666666666667
21 0.8572916666666667 0.5175925925925926 0.05416666666666667 0.13148148148148148
15 0.7958333333333333 0.500925925925926 0.05 0.12407407407407407
30 0.7307291666666667 0.48240740740740745 0.042708333333333334 0.07962962962962963
17 0.6703125 0.4759259259259259 0.053125 0.11481481481481481
9 0.6130208333333333 0.4675925925925926 0.04895833333333333 0.09074074074074075
0 0.5578125 0.4601851851851852 0.042708333333333334 0.10555555555555556
19 0.5041666666666667 0.44907407407407407 0.027083333333333334 0.10185185185185186
15 0.45416666666666666 0.4398148148148148 0.04375 0.11296296296296297
31 0.40520833333333334 0.4314814814814815 0.03958333333333333 0.10370370370370371
1 0.3567708333333333 0.4222222222222222 0.03229166666666666 0.10740740740740741
27 0.3109375 0.41944444444444445 0.03854166666666667 0.09074074074074075
26 0.2635416666666667 0.40092592592592596 0.0375 0.10925925925925926
20 0.21927083333333333 0.3925925925925926 0.034375 0.10370370370370371
18 0.1765625 0.3805555555555556 0.03229166666666666 0.08703703703703704
11 0.134375 0.37592592592592594 0.03958333333333333 0.10370370370370371
