32 0.06536458333333334 0.7407407407407408 0.030729166666666665 0.08518518518518518
4 0.11458333333333333 0.7351851851851852 0.035416666666666666 0.1
7 0.525 0.7000000000000001 0.03854166666666667 0.11666666666666667
7 0.7630208333333334 0.6805555555555556 0.04375 0.11666666666666667
0 0.70078125 0.6861111111111111 0.043229166666666666 0.11851851851851852
9 0.16119791666666666 0.7361111111111112 0.044270833333333336 0.09074074074074075
25 0.2583333333333333 0.7171296296296297 0.04895833333333333 0.1175925925925926
25 0.5786458333333333 0.6986111111111112 0.04895833333333333 0.1175925925925926
17 0.209375 0.7273148148148149 0.04375 0.11944444444444445
14 0.31015625 0.7175925925925927 0.0421875 0.10740740740740741
14 0.46796875 0.700925925925926 0.0421875 0.10740740740740741
9 0.36171875 0.7166666666666667 0.049479166666666664 0.08148148148148149
17 0.41484375 0.7064814814814815 0.05364583333333333 0.10740740740740741
11 0.640625 0.6958333333333334 0.052083333333333336 0.12685185185185185
19 0.8291666666666666 0.6773148148148148 0.03854166666666667 0.1287037037037037
