17 0.7755208333333333 0.40972222222222227 0.04895833333333333 0.11018518518518519
12 0.72265625 0.4138888888888889 0.04010416666666666 0.08888888888888889
12 0.6700520833333333 0.4083333333333333 0.04010416666666666 0.08888888888888889
4 0.6166666666666667 0.4115740740740741 0.036458333333333336 0.10462962962962963
20 0.565625 0.4115740740740741 0.035416666666666666 0.10462962962962963
10 0.5138020833333333 0.41203703703703703 0.04635416666666667 0.10925925925925926
13 0.46171875 0.41481481481481486 0.04010416666666666 0.0925925925925926
14 0.4106770833333333 0.40740740740740744 0.0421875 0.10185185185185186
15 0.3572916666666667 0.4138888888888889 0.046875 0.10740740740740741
11 0.30442708333333335 0.41574074074074074 0.0453125 0.10555555555555556
16 0.2513020833333333 0.41203703703703703 0.0421875 0.11666666666666667
2 0.19791666666666666 0.41203703703703703 0.0375 0.10925925925925926
27 0.14114583333333333 0.41111111111111115 0.04375 0.0962962962962963
11 0.08828125 0.41620370370370374 0.0484375 0.10833333333333334
