32 0.15130208333333334 0.6310185185185185 0.043229166666666666 0.11018518518518519
4 0.21692708333333333 0.6347222222222223 0.04739583333333333 0.12685185185185185
18 0.284375 0.6393518518518518 0.04895833333333333 0.1287037037037037
26 0.34375 0.6365740740740741 0.052083333333333336 0.1212962962962963
25 0.40703125 0.6412037037037037 0.05260416666666667 0.125
25 0.74921875 0.6671296296296296 0.049479166666666664 0.11944444444444445
14 0.465625 0.6486111111111111 0.040625 0.11574074074074074
14 0.6364583333333333 0.6541666666666667 0.036458333333333336 0.11574074074074074
9 0.5236979166666667 0.6560185185185186 0.04739583333333333 0.09537037037037037
17 0.58203125 0.6490740740740741 0.05572916666666666 0.10185185185185186
7 0.69296875 0.6587962962962963 0.04114583333333333 0.11203703703703705
7 0.9096354166666667 0.674537037037037 0.03802083333333333 0.11574074074074074
0 0.8575520833333333 0.6736111111111112 0.044270833333333336 0.11388888888888889
19 0.9591145833333333 0.6777777777777778 0.033854166666666664 0.11666666666666667
11 0.8026041666666667 0.6712962962962963 0.05416666666666667 0.12222222222222223
