13 0.09739583333333333 0.5694444444444444 0.057291666666666664 0.10925925925925926
13 0.1640625 0.5648148148148149 0.042708333333333334 0.07407407407407407
6 0.2296875 0.5740740740740741 0.046875 0.13333333333333333
16 0.2973958333333333 0.5648148148148149 0.051041666666666666 0.13333333333333333
32 0.359375 0.5657407407407408 0.041666666666666664 0.10925925925925926
10 0.4244791666666667 0.5592592592592592 0.040625 0.11481481481481481
14 0.4869791666666667 0.5546296296296297 0.04479166666666667 0.12037037037037038
25 0.5515625 0.5527777777777778 0.053125 0.1277777777777778
28 0.6119791666666666 0.55 0.046875 0.0925925925925926
6 0.6760416666666667 0.5537037037037037 0.04583333333333333 0.12592592592592594
0 0.7416666666666667 0.5592592592592592 0.04791666666666666 0.12592592592592594
18 0.809375 0.5527777777777778 0.04375 0.10925925925925926
19 0.8723958333333334 0.549074074074074 0.03229166666666666 0.13148148148148148
8 0.934375 0.5481481481481482 0.04791666666666666 0.12962962962962962
