24 0.04869791666666667 0.563425925925926 0.05364583333333333 0.13055555555555556
24 0.17005208333333333 0.5550925925925926 0.05364583333333333 0.13055555555555556
9 0.10989583333333333 0.5625 0.053125 0.08425925925925926
25 0.22838541666666667 0.5527777777777778 0.050520833333333334 0.11666666666666667
16 0.2872395833333333 0.5425925925925926 0.043229166666666666 0.11481481481481481
1 0.3442708333333333 0.5361111111111111 0.040625 0.11481481481481481
1 0.45807291666666666 0.5236111111111111 0.033854166666666664 0.11944444444444445
17 0.40182291666666664 0.5259259259259259 0.05364583333333333 0.09814814814814815
2 0.5705729166666667 0.5162037037037037 0.03697916666666667 0.11574074074074074
12 0.6270833333333333 0.5180555555555556 0.04479166666666667 0.10277777777777779
3 0.6828125 0.5171296296296296 0.04479166666666667 0.1175925925925926
10 0.79453125 0.5064814814814815 0.03802083333333333 0.10740740740740741
