10 0.9463541666666666 0.47962962962962963 0.040625 0.10740740740740741
21 0.8859374999999999 0.47222222222222227 0.04895833333333333 0.11111111111111112
15 0.825 0.46944444444444444 0.04791666666666666 0.11296296296296297
30 0.7671875 0.45925925925925926 0.040625 0.08888888888888889
17 0.7088541666666667 0.45925925925925926 0.05520833333333333 0.10370370370370371
9 0.6526041666666667 0.46111111111111114 0.042708333333333334 0.08148148148148149
0 0.5973958333333333 0.4620370370370371 0.042708333333333334 0.10555555555555556
19 0.5416666666666666 0.4601851851851852 0.027083333333333334 0.10555555555555556
15 0.4901041666666667 0.4564814814814815 0.046875 0.11296296296296297
31 0.4401041666666667 0.45462962962962966 0.046875 0.10925925925925926
1 0.38958333333333334 0.4527777777777778 0.035416666666666666 0.09814814814814815
27 0.33697916666666666 0.4518518518518519 0.040625 0.0925925925925926
26 0.2890625 0.4444444444444445 0.04479166666666667 0.11111111111111112
20 0.23802083333333332 0.4416666666666667 0.03854166666666667 0.09444444444444444
18 0.19114583333333332 0.4351851851851852 0.042708333333333334 0.08888888888888889
11 0.14114583333333333 0.4388888888888889 0.03854166666666667 0.1
