32 0.05260416666666667 0.5347222222222222 0.05625 0.11574074074074074
4 0.12083333333333333 0.5365740740740741 0.05416666666666667 0.125
7 0.57734375 0.5101851851851852 0.04010416666666666 0.10185185185185186
7 0.7640625 0.4986111111111111 0.030208333333333334 0.09722222222222222
0 0.7231770833333333 0.500925925925926 0.0421875 0.0962962962962963
18 0.19036458333333334 0.5337962962962963 0.049479166666666664 0.11388888888888889
26 0.25 0.5212962962962964 0.051041666666666666 0.12037037037037038
25 0.30885416666666665 0.5157407407407407 0.05 0.11851851851851852
25 0.6263020833333334 0.5069444444444444 0.043229166666666666 0.10092592592592593
19 0.8111979166666666 0.4986111111111111 0.0234375 0.09722222222222222
14 0.36432291666666666 0.5171296296296296 0.04739583333333333 0.11574074074074074
9 0.4239583333333333 0.5185185185185185 0.041666666666666664 0.07777777777777778
17 0.4752604166666667 0.5101851851851852 0.04635416666666667 0.09814814814814815
9 0.52890625 0.5064814814814815 0.03697916666666667 0.0962962962962963
11 0.6744791666666666 0.5055555555555555 0.034375 0.0925925925925926
