10 0.8635416666666667 0.5351851851851852 0.04583333333333333 0.11111111111111112
21 0.8088541666666667 0.5194444444444445 0.042708333333333334 0.10925925925925926
15 0.7536458333333333 0.5092592592592593 0.04479166666666667 0.11851851851851852
30 0.6989583333333333 0.5027777777777778 0.0375 0.07592592592592592
17 0.6442708333333333 0.4935185185185185 0.051041666666666666 0.10555555555555556
9 0.590625 0.4898148148148148 0.04583333333333333 0.08333333333333334
0 0.5354166666666667 0.4814814814814815 0.04583333333333333 0.1
19 0.484375 0.47685185185185186 0.029166666666666667 0.10555555555555556
15 0.4322916666666667 0.46851851851851856 0.04375 0.11111111111111112
31 0.378125 0.4620370370370371 0.04375 0.09814814814814815
1 0.3260416666666667 0.4537037037037037 0.03958333333333333 0.10740740740740741
27 0.2734375 0.4444444444444445 0.046875 0.1
26 0.21979166666666666 0.43333333333333335 0.04583333333333333 0.11851851851851852
20 0.16770833333333332 0.4287037037037037 0.03958333333333333 0.10185185185185186
18 0.11614583333333334 0.4175925925925926 0.040625 0.09444444444444444
11 0.06145833333333333 0.4138888888888889 0.04583333333333333 0.11296296296296297
