13 0.10520833333333333 0.4898148148148148 0.04375 0.09814814814814815
29 0.1625 0.4916666666666667 0.041666666666666664 0.07962962962962963
6 0.21822916666666667 0.4898148148148148 0.040625 0.12037037037037038
16 0.278125 0.48240740740740745 0.03958333333333333 0.12037037037037038
32 0.33697916666666666 0.4842592592592593 0.040625 0.10185185185185186
10 0.3953125 0.4777777777777778 0.034375 0.12222222222222223
14 0.4536458333333333 0.47500000000000003 0.040625 0.11666666666666667
25 0.5125 0.47222222222222227 0.04791666666666666 0.12222222222222223
28 0.5744791666666667 0.4675925925925926 0.03854166666666667 0.09814814814814815
6 0.634375 0.47314814814814815 0.04375 0.12407407407407407
0 0.6973958333333333 0.47222222222222227 0.051041666666666666 0.12962962962962962
18 0.7588541666666666 0.46851851851851856 0.042708333333333334 0.11481481481481481
19 0.8213541666666666 0.46111111111111114 0.030208333333333334 0.12222222222222223
8 0.8901041666666667 0.45555555555555555 0.04479166666666667 0.12222222222222223
