9 0.08619791666666667 0.513888888888889 0.0453125 0.08148148148148149
14 0.14088541666666665 0.5162037037037037 0.049479166666666664 0.10462962962962963
10 0.19427083333333334 0.5083333333333333 0.035416666666666666 0.09814814814814815
18 0.2484375 0.5111111111111112 0.042708333333333334 0.1
8 0.7177083333333333 0.49259259259259264 0.040625 0.10185185185185186
11 0.3567708333333333 0.5106481481481482 0.04583333333333333 0.10462962962962963
5 0.40781249999999997 0.5041666666666667 0.0375 0.10462962962962963
20 0.46171875 0.49953703703703706 0.04010416666666666 0.10462962962962963
26 0.5125 0.5 0.04375 0.11296296296296297
28 0.5627604166666667 0.4953703703703704 0.03697916666666667 0.0925925925925926
2 0.6140625 0.4990740740740741 0.041666666666666664 0.10555555555555556
22 0.6658854166666667 0.4953703703703704 0.04114583333333333 0.10740740740740741
6 0.7708333333333334 0.4967592592592593 0.034375 0.10462962962962963
