9 0.18411458333333333 0.6893518518518519 0.028645833333333332 0.075
14 0.21666666666666667 0.6819444444444445 0.026041666666666668 0.08425925925925926
10 0.2505208333333333 0.6703703703703704 0.019791666666666666 0.08888888888888889
10 0.2895833333333333 0.6643518518518519 0.029166666666666667 0.08240740740740742
8 0.3260416666666667 0.6569444444444444 0.030208333333333334 0.09722222222222222
8 0.6919270833333333 0.575925925925926 0.04114583333333333 0.11111111111111112
11 0.3653645833333333 0.6490740740740741 0.03802083333333333 0.09814814814814815
5 0.40572916666666664 0.6333333333333333 0.026041666666666668 0.09444444444444444
20 0.44765625 0.6236111111111111 0.03177083333333333 0.09537037037037037
26 0.49166666666666664 0.6180555555555556 0.03854166666666667 0.11018518518518519
28 0.5375 0.6069444444444445 0.036458333333333336 0.075
2 0.5861979166666667 0.5981481481481482 0.04010416666666666 0.11111111111111112
22 0.63671875 0.5847222222222223 0.044270833333333336 0.11018518518518519
6 0.7489583333333333 0.5587962962962963 0.040625 0.11203703703703705
