6 0.048177083333333336 0.513888888888889 0.0421875 0.10925925925925926
28 0.10390624999999999 0.5180555555555556 0.04635416666666667 0.08981481481481482
26 0.15859375 0.5087962962962963 0.04635416666666667 0.11388888888888889
32 0.21432291666666667 0.5037037037037038 0.034895833333333334 0.09074074074074075
29 0.2713541666666667 0.5032407407407408 0.04583333333333333 0.08796296296296297
8 0.32734375 0.5037037037037038 0.04010416666666666 0.11296296296296297
15 0.38229166666666664 0.5046296296296297 0.04895833333333333 0.11111111111111112
5 0.44036458333333334 0.5018518518518519 0.04010416666666666 0.12407407407407407
16 0.49296875 0.5 0.044270833333333336 0.11851851851851852
33 0.54921875 0.5023148148148149 0.049479166666666664 0.09351851851851853
18 0.60625 0.49722222222222223 0.04375 0.10740740740740741
21 0.6609375 0.49953703703703706 0.04583333333333333 0.11574074074074074
17 0.7190104166666667 0.49953703703703706 0.049479166666666664 0.11574074074074074
31 0.7778645833333333 0.49212962962962964 0.04739583333333333 0.11944444444444445
