10 0.9208333333333333 0.512962962962963 0.0375 0.11481481481481481
21 0.8546874999999999 0.5027777777777778 0.046875 0.12407407407407407
15 0.7921875 0.4935185185185185 0.053125 0.12407407407407407
30 0.7276041666666666 0.4842592592592593 0.046875 0.09444444444444444
17 0.6697916666666667 0.47500000000000003 0.05 0.11296296296296297
9 0.6135416666666667 0.4740740740740741 0.04791666666666666 0.08518518518518518
0 0.559375 0.4675925925925926 0.035416666666666666 0.10555555555555556
19 0.50625 0.46296296296296297 0.029166666666666667 0.11111111111111112
15 0.45677083333333335 0.45555555555555555 0.046875 0.11481481481481481
31 0.4083333333333333 0.45092592592592595 0.03958333333333333 0.09814814814814815
1 0.35833333333333334 0.4444444444444445 0.03125 0.0962962962962963
27 0.3109375 0.44351851851851853 0.03854166666666667 0.09814814814814815
26 0.26510416666666664 0.4287037037037037 0.040625 0.11666666666666667
20 0.2203125 0.42314814814814816 0.036458333333333336 0.09074074074074075
18 0.1765625 0.41944444444444445 0.034375 0.09074074074074075
11 0.134375 0.4166666666666667 0.03125 0.1
