22 0.14791666666666667 0.5259259259259259 0.06666666666666667 0.15185185185185185
22 0.8690104166666667 0.6365740740740741 0.0453125 0.11203703703703705
18 0.48776041666666664 0.5694444444444444 0.0484375 0.11296296296296297
18 0.5497395833333333 0.5680555555555555 0.0453125 0.11018518518518519
2 0.22421875 0.5300925925925926 0.0515625 0.13055555555555556
20 0.29453125 0.5462962962962963 0.05260416666666667 0.13333333333333333
15 0.3614583333333333 0.5472222222222223 0.05520833333333333 0.14074074074074075
23 0.42682291666666666 0.5597222222222222 0.04739583333333333 0.13796296296296298
5 0.6046875 0.5847222222222223 0.036458333333333336 0.1287037037037037
24 0.66171875 0.5953703703703704 0.04739583333333333 0.12592592592592594
24 0.7130208333333333 0.6092592592592593 0.034375 0.12407407407407407
7 0.7658854166666667 0.6166666666666667 0.04010416666666666 0.11296296296296297
30 0.81796875 0.6226851851851852 0.030729166666666665 0.08240740740740742
10 0.9153645833333334 0.6402777777777778 0.027604166666666666 0.10092592592592593
