11 0.0515625 0.5662037037037038 0.03333333333333333 0.10092592592592593
11 0.26328125 0.5444444444444445 0.043229166666666666 0.10185185185185186
27 0.10781249999999999 0.5606481481481481 0.04375 0.08425925925925926
2 0.15677083333333333 0.5564814814814815 0.041666666666666664 0.10185185185185186
16 0.21015625 0.549537037037037 0.04739583333333333 0.11018518518518519
15 0.3177083333333333 0.5407407407407407 0.046875 0.10555555555555556
14 0.37395833333333334 0.5314814814814816 0.03854166666666667 0.10370370370370371
13 0.42994791666666665 0.5203703703703704 0.043229166666666666 0.0925925925925926
10 0.48411458333333335 0.5175925925925926 0.03697916666666667 0.10185185185185186
20 0.5427083333333333 0.5148148148148148 0.04375 0.10740740740740741
4 0.6013020833333333 0.5064814814814815 0.043229166666666666 0.11296296296296297
12 0.6635416666666667 0.5013888888888889 0.042708333333333334 0.08611111111111111
12 0.7231770833333333 0.49583333333333335 0.0515625 0.10277777777777779
17 0.7893229166666667 0.49212962962962964 0.0609375 0.11944444444444445
