11 0.08776041666666666 0.5120370370370371 0.0421875 0.11481481481481481
11 0.32317708333333334 0.5152777777777778 0.0421875 0.10277777777777779
27 0.15182291666666667 0.5078703703703704 0.04635416666666667 0.09166666666666667
2 0.20494791666666667 0.5111111111111112 0.044270833333333336 0.10925925925925926
16 0.26510416666666664 0.513425925925926 0.053125 0.11574074074074074
15 0.38229166666666664 0.513425925925926 0.04895833333333333 0.11018518518518519
14 0.43854166666666666 0.5143518518518518 0.053125 0.09907407407407408
13 0.49713541666666666 0.5125000000000001 0.04739583333333333 0.10277777777777779
10 0.5528645833333333 0.5162037037037037 0.04010416666666666 0.09907407407407408
20 0.6122395833333333 0.5189814814814815 0.0421875 0.10462962962962963
4 0.66953125 0.5194444444444445 0.0421875 0.10925925925925926
12 0.7278645833333334 0.5175925925925926 0.0453125 0.09814814814814815
12 0.78828125 0.5212962962962964 0.0484375 0.09444444444444444
17 0.8455729166666667 0.5259259259259259 0.058854166666666666 0.10370370370370371
