10 0.9171874999999999 0.5444444444444445 0.040625 0.0962962962962963
21 0.8619791666666666 0.5416666666666667 0.04895833333333333 0.10185185185185186
15 0.8052083333333333 0.5435185185185185 0.05 0.10925925925925926
30 0.7515625 0.537962962962963 0.042708333333333334 0.07592592592592592
17 0.6994791666666667 0.5398148148148149 0.051041666666666666 0.09444444444444444
9 0.6463541666666667 0.5444444444444445 0.04479166666666667 0.08148148148148149
0 0.59375 0.5472222222222223 0.03958333333333333 0.09074074074074075
19 0.5401041666666666 0.5518518518518519 0.034375 0.1
15 0.4895833333333333 0.5527777777777778 0.04583333333333333 0.10925925925925926
31 0.43697916666666664 0.5527777777777778 0.042708333333333334 0.09444444444444444
1 0.3833333333333333 0.5546296296296297 0.0375 0.09444444444444444
27 0.33229166666666665 0.5601851851851852 0.041666666666666664 0.09074074074074075
26 0.2796875 0.5518518518518519 0.051041666666666666 0.11111111111111112
20 0.22343749999999998 0.5555555555555556 0.040625 0.10370370370370371
18 0.171875 0.5518518518518519 0.05 0.0925925925925926
11 0.1171875 0.5555555555555556 0.040625 0.1
