11 0.13072916666666667 0.38703703703703707 0.03229166666666666 0.1
18 0.16875 0.3907407407407408 0.03333333333333333 0.08888888888888889
20 0.20781249999999998 0.40092592592592596 0.034375 0.09814814814814815
26 0.24947916666666667 0.40092592592592596 0.03854166666666667 0.10925925925925926
27 0.2916666666666667 0.412962962962963 0.035416666666666666 0.08518518518518518
1 0.33697916666666666 0.42129629629629634 0.030208333333333334 0.10555555555555556
31 0.38385416666666666 0.425 0.036458333333333336 0.10925925925925926
15 0.4317708333333333 0.42962962962962964 0.040625 0.11111111111111112
15 0.7588541666666666 0.4675925925925926 0.051041666666666666 0.1277777777777778
19 0.4770833333333333 0.4361111111111111 0.03333333333333333 0.10555555555555556
0 0.5255208333333333 0.44074074074074077 0.040625 0.1
9 0.5817708333333333 0.44722222222222224 0.046875 0.08333333333333334
17 0.6385416666666667 0.45092592592592595 0.052083333333333336 0.11296296296296297
30 0.6963541666666666 0.45555555555555555 0.04479166666666667 0.08518518518518518
21 0.81875 0.48055555555555557 0.05416666666666667 0.12037037037037038
19 0.8864583333333333 0.4916666666666667 0.04375 0.1277777777777778
