21 0.08567708333333333 0.5111111111111112 0.044270833333333336 0.10925925925925926
3 0.13802083333333334 0.5106481481481482 0.040625 0.11574074074074074
19 0.19557291666666665 0.5111111111111112 0.024479166666666666 0.10925925925925926
26 0.25026041666666665 0.5078703703703704 0.044270833333333336 0.11203703703703705
0 0.30416666666666664 0.5092592592592593 0.040625 0.10740740740740741
24 0.359375 0.5069444444444444 0.04479166666666667 0.11388888888888889
8 0.4140625 0.5050925925925926 0.03854166666666667 0.11018518518518519
33 0.4669270833333333 0.5074074074074074 0.03802083333333333 0.08148148148148149
12 0.5205729166666666 0.49722222222222223 0.03697916666666667 0.08888888888888889
4 0.5729166666666666 0.49583333333333335 0.036458333333333336 0.11203703703703705
13 0.6265625 0.49583333333333335 0.04375 0.09722222222222222
13 0.6799479166666667 0.4930555555555556 0.043229166666666666 0.09907407407407408
1 0.7338541666666667 0.4898148148148148 0.036458333333333336 0.1
3 0.7877604166666666 0.4916666666666667 0.03697916666666667 0.10185185185185186
