32 0.10911458333333333 0.4800925925925926 0.050520833333333334 0.11944444444444445
4 0.18046875 0.4828703703703704 0.0484375 0.13240740740740742
7 0.59375 0.49953703703703706 0.028125 0.09537037037037037
7 0.7393229166666666 0.513888888888889 0.0296875 0.0925925925925926
0 0.70625 0.5101851851851852 0.034375 0.08333333333333334
18 0.24791666666666667 0.48888888888888893 0.04895833333333333 0.12037037037037038
26 0.30703125 0.4865740740740741 0.050520833333333334 0.13425925925925927
25 0.3606770833333333 0.4902777777777778 0.04739583333333333 0.12314814814814816
19 0.77265625 0.5157407407407407 0.024479166666666666 0.09074074074074075
25 0.63125 0.5106481481481482 0.03333333333333333 0.09722222222222222
14 0.41432291666666665 0.49212962962962964 0.03697916666666667 0.11388888888888889
9 0.4635416666666667 0.4986111111111111 0.04375 0.08796296296296297
17 0.5083333333333333 0.4962962962962963 0.04479166666666667 0.10370370370370371
14 0.5549479166666667 0.500925925925926 0.034895833333333334 0.10185185185185186
11 0.6713541666666667 0.5111111111111112 0.03229166666666666 0.10370370370370371
