11 0.1875 0.5805555555555556 0.04583333333333333 0.10925925925925926
18 0.2421875 0.5740740740740741 0.042708333333333334 0.10370370370370371
20 0.29791666666666666 0.5638888888888889 0.041666666666666664 0.10555555555555556
26 0.3515625 0.5564814814814815 0.046875 0.12037037037037038
27 0.40572916666666664 0.5537037037037037 0.046875 0.0925925925925926
1 0.45625 0.5407407407407407 0.0375 0.10740740740740741
31 0.5072916666666667 0.5361111111111111 0.04375 0.10555555555555556
15 0.5583333333333333 0.5268518518518519 0.04375 0.10555555555555556
19 0.6098958333333333 0.5203703703703704 0.03854166666666667 0.10370370370370371
0 0.6609375 0.5092592592592593 0.040625 0.1
9 0.7114583333333333 0.5027777777777778 0.041666666666666664 0.07592592592592592
17 0.7614583333333333 0.4898148148148148 0.04791666666666666 0.10185185185185186
30 0.8104166666666667 0.4861111111111111 0.03333333333333333 0.07962962962962963
15 0.8609375 0.4842592592592593 0.04479166666666667 0.10555555555555556
21 0.9125 0.47500000000000003 0.0375 0.10555555555555556
10 0.9614583333333333 0.47314814814814815 0.03333333333333333 0.09814814814814815
