21 0.21197916666666666 0.45231481481481484 0.04895833333333333 0.13055555555555556
3 0.27578125 0.45925925925925926 0.03697916666666667 0.12222222222222223
19 0.3385416666666667 0.46435185185185185 0.028125 0.11203703703703705
26 0.40130208333333334 0.47222222222222227 0.044270833333333336 0.11666666666666667
0 0.4614583333333333 0.4777777777777778 0.04375 0.10555555555555556
24 0.5190104166666667 0.487962962962963 0.04635416666666667 0.12037037037037038
8 0.5729166666666666 0.4949074074074074 0.04375 0.10648148148148148
33 0.6291666666666667 0.5050925925925926 0.041666666666666664 0.08055555555555556
12 0.6854166666666667 0.5064814814814815 0.040625 0.1
4 0.7356770833333334 0.5097222222222222 0.03802083333333333 0.10833333333333334
13 0.7872395833333333 0.513425925925926 0.0390625 0.09351851851851853
13 0.83828125 0.5231481481481481 0.04114583333333333 0.0925925925925926
1 0.8875 0.5305555555555556 0.035416666666666666 0.10740740740740741
3 0.93515625 0.5347222222222222 0.0390625 0.09907407407407408
