22 0.035416666666666666 0.562962962962963 0.057291666666666664 0.11481481481481481
2 0.10052083333333334 0.5638888888888889 0.04791666666666666 0.10740740740740741
20 0.16171875 0.5652777777777778 0.05260416666666667 0.11018518518518519
15 0.228125 0.5675925925925926 0.057291666666666664 0.11666666666666667
23 0.2916666666666667 0.5675925925925926 0.04895833333333333 0.10370370370370371
18 0.35494791666666664 0.5722222222222223 0.05260416666666667 0.10740740740740741
18 0.41562499999999997 0.5675925925925926 0.041666666666666664 0.10555555555555556
5 0.475 0.575462962962963 0.040625 0.10648148148148148
24 0.534375 0.5842592592592593 0.05 0.11481481481481481
6 0.5940104166666667 0.5842592592592593 0.034895833333333334 0.10740740740740741
7 0.6557291666666667 0.587037037037037 0.04479166666666667 0.11481481481481481
30 0.71328125 0.5930555555555556 0.03802083333333333 0.07314814814814816
22 0.771875 0.5995370370370371 0.04895833333333333 0.11388888888888889
10 0.8317708333333333 0.5976851851851852 0.036458333333333336 0.10462962962962963
