22 0.08203125 0.5064814814814815 0.043229166666666666 0.10740740740740741
22 0.7247395833333333 0.48055555555555557 0.043229166666666666 0.10740740740740741
18 0.35442708333333334 0.4898148148148148 0.044270833333333336 0.1
18 0.40703125 0.47870370370370374 0.044270833333333336 0.1
2 0.13854166666666667 0.5037037037037038 0.04479166666666667 0.10185185185185186
20 0.19192708333333333 0.5018518518518519 0.0484375 0.10370370370370371
15 0.24505208333333334 0.4967592592592593 0.04635416666666667 0.11018518518518519
23 0.30052083333333335 0.4912037037037037 0.051041666666666666 0.11203703703703705
5 0.46015625 0.4828703703703704 0.03802083333333333 0.10648148148148148
24 0.5130208333333334 0.48333333333333334 0.04583333333333333 0.11666666666666667
6 0.5627604166666667 0.48194444444444445 0.04114583333333333 0.10833333333333334
7 0.6184895833333334 0.4763888888888889 0.0421875 0.11203703703703705
30 0.671875 0.4763888888888889 0.040625 0.07685185185185185
10 0.7802083333333333 0.47500000000000003 0.03854166666666667 0.09444444444444444
