22 0.13177083333333334 0.6212962962962963 0.029166666666666667 0.09814814814814815
22 0.659375 0.5574074074074075 0.04479166666666667 0.12592592592592594
18 0.3223958333333333 0.5916666666666667 0.034375 0.08148148148148149
18 0.3653645833333333 0.5819444444444445 0.034895833333333334 0.09907407407407408
2 0.16953125 0.6180555555555556 0.0296875 0.09166666666666667
20 0.20546875 0.6152777777777778 0.028645833333333332 0.09166666666666667
15 0.24244791666666665 0.6055555555555556 0.0359375 0.10185185185185186
23 0.2825520833333333 0.5995370370370371 0.034895833333333334 0.10092592592592593
5 0.40963541666666664 0.5800925925925926 0.033854166666666664 0.10462962962962963
24 0.45598958333333334 0.5773148148148148 0.044270833333333336 0.11018518518518519
6 0.5015625 0.5722222222222223 0.03854166666666667 0.11296296296296297
7 0.5528645833333333 0.5657407407407408 0.04010416666666666 0.11296296296296297
30 0.6049479166666667 0.5611111111111111 0.04010416666666666 0.09814814814814815
10 0.71796875 0.5509259259259259 0.0390625 0.12037037037037038
