9 0.03854166666666667 0.46296296296296297 0.05625 0.08703703703703704
14 0.10130208333333333 0.4615740740740741 0.0515625 0.11203703703703705
10 0.16067708333333333 0.4537037037037037 0.04010416666666666 0.10370370370370371
18 0.22213541666666667 0.4620370370370371 0.0453125 0.10740740740740741
8 0.28151041666666665 0.46064814814814814 0.0453125 0.11018518518518519
11 0.34010416666666665 0.4537037037037037 0.04791666666666666 0.10370370370370371
5 0.4005208333333333 0.45555555555555555 0.042708333333333334 0.10925925925925926
20 0.45807291666666666 0.4481481481481482 0.04010416666666666 0.1
26 0.5138020833333333 0.45046296296296295 0.04739583333333333 0.11944444444444445
28 0.5713541666666666 0.45046296296296295 0.040625 0.08055555555555556
2 0.62734375 0.4518518518518519 0.03802083333333333 0.11111111111111112
22 0.684375 0.4430555555555556 0.04479166666666667 0.10833333333333334
8 0.7403645833333333 0.44953703703703707 0.04010416666666666 0.10092592592592593
6 0.7953125 0.4467592592592593 0.042708333333333334 0.11203703703703705
