11 0.03125 0.512962962962963 0.06145833333333333 0.11666666666666667
11 0.28229166666666666 0.5032407407407408 0.051041666666666666 0.10277777777777779
27 0.09296875 0.5097222222222222 0.0546875 0.10092592592592593
2 0.15859375 0.5074074074074074 0.044270833333333336 0.10555555555555556
16 0.22109375 0.5023148148148149 0.0484375 0.11018518518518519
15 0.34453125 0.5032407407407408 0.050520833333333334 0.11944444444444445
14 0.403125 0.4949074074074074 0.040625 0.10648148148148148
13 0.46328125 0.4953703703703704 0.043229166666666666 0.08703703703703704
10 0.5216145833333333 0.49259259259259264 0.0328125 0.10555555555555556
20 0.5783854166666667 0.500462962962963 0.0421875 0.10277777777777779
4 0.63515625 0.4967592592592593 0.03697916666666667 0.10462962962962963
12 0.6921875 0.4967592592592593 0.04375 0.08981481481481482
12 0.7484375 0.4981481481481482 0.04583333333333333 0.08703703703703704
17 0.8067708333333333 0.4962962962962963 0.06041666666666667 0.10925925925925926
