24 0.1984375 0.5430555555555556 0.057291666666666664 0.13425925925925927
24 0.32447916666666665 0.5550925925925926 0.057291666666666664 0.13425925925925927
25 0.38307291666666665 0.5560185185185186 0.050520833333333334 0.1212962962962963
9 0.26536458333333335 0.549537037037037 0.0546875 0.09722222222222222
16 0.4359375 0.5587962962962963 0.04479166666666667 0.12685185185185185
17 0.5356770833333333 0.5537037037037037 0.04635416666666667 0.10740740740740741
1 0.48776041666666664 0.5574074074074075 0.0359375 0.11481481481481481
1 0.5799479166666667 0.5601851851851852 0.034895833333333334 0.10555555555555556
2 0.6640625 0.5712962962962963 0.029166666666666667 0.10185185185185186
3 0.7390625 0.5787037037037037 0.029166666666666667 0.0925925925925926
12 0.7013020833333333 0.575462962962963 0.03177083333333333 0.0787037037037037
10 0.809375 0.5851851851851853 0.02395833333333333 0.08703703703703704
