24 0.10442708333333334 0.5347222222222222 0.05572916666666666 0.10462962962962963
24 0.21276041666666667 0.5333333333333333 0.050520833333333334 0.10185185185185186
9 0.16067708333333333 0.5333333333333333 0.0484375 0.06481481481481481
25 0.26848958333333334 0.5356481481481482 0.04635416666666667 0.09537037037037037
16 0.3190104166666667 0.5333333333333333 0.03802083333333333 0.1
1 0.3723958333333333 0.5226851851851853 0.03854166666666667 0.09166666666666667
1 0.47630208333333335 0.5277777777777778 0.0359375 0.0925925925925926
17 0.42526041666666664 0.5208333333333334 0.04739583333333333 0.08981481481481482
2 0.5796875 0.525462962962963 0.036458333333333336 0.09722222222222222
12 0.6307291666666667 0.5268518518518519 0.041666666666666664 0.07777777777777778
3 0.68515625 0.5296296296296297 0.04114583333333333 0.10185185185185186
10 0.7908854166666667 0.5240740740740741 0.03697916666666667 0.08518518518518518
