24 0.03229166666666666 0.4412037037037037 0.05520833333333333 0.125
24 0.153125 0.4356481481481482 0.05520833333333333 0.12314814814814816
25 0.21510416666666665 0.437962962962963 0.053125 0.12037037037037038
9 0.09713541666666667 0.44074074074074077 0.05364583333333333 0.09444444444444444
12 0.61640625 0.40740740740740744 0.03802083333333333 0.09074074074074075
10 0.7859375 0.3939814814814815 0.0375 0.10462962962962963
16 0.2747395833333333 0.42592592592592593 0.0515625 0.11296296296296297
17 0.3890625 0.40925925925925927 0.059375 0.11666666666666667
1 0.33177083333333335 0.4189814814814815 0.04479166666666667 0.11018518518518519
1 0.44479166666666664 0.40601851851851856 0.0375 0.1175925925925926
2 0.55859375 0.4064814814814815 0.04114583333333333 0.10925925925925926
2 0.6729166666666666 0.4064814814814815 0.03854166666666667 0.10555555555555556
