11 0.09375 0.4967592592592593 0.06041666666666667 0.14907407407407408
27 0.17083333333333334 0.49953703703703706 0.06354166666666666 0.11574074074074074
2 0.23776041666666667 0.4967592592592593 0.0453125 0.13425925925925927
16 0.3013020833333333 0.4953703703703704 0.0453125 0.13518518518518519
11 0.3614583333333333 0.500462962962963 0.04375 0.1212962962962963
15 0.4158854166666667 0.5013888888888889 0.0421875 0.11944444444444445
14 0.4666666666666667 0.5018518518518519 0.03333333333333333 0.10925925925925926
13 0.5127604166666666 0.4962962962962963 0.03697916666666667 0.09814814814814815
10 0.5552083333333333 0.4967592592592593 0.03125 0.10092592592592593
20 0.5986979166666666 0.4990740740740741 0.028645833333333332 0.10370370370370371
4 0.63671875 0.5032407407407408 0.030729166666666665 0.10277777777777779
12 0.6744791666666666 0.5032407407407408 0.03125 0.0787037037037037
12 0.7091145833333333 0.5032407407407408 0.0265625 0.0712962962962963
17 0.7416666666666667 0.5064814814814815 0.03229166666666666 0.08518518518518518
