6 0.0546875 0.4842592592592593 0.04479166666666667 0.10925925925925926
28 0.10885416666666667 0.47685185185185186 0.036458333333333336 0.08333333333333334
26 0.16432291666666665 0.47453703703703703 0.044270833333333336 0.11944444444444445
32 0.21510416666666665 0.47453703703703703 0.040625 0.09907407407407408
29 0.27239583333333334 0.47453703703703703 0.035416666666666666 0.09166666666666667
8 0.32578125 0.47361111111111115 0.04010416666666666 0.10833333333333334
15 0.37916666666666665 0.47500000000000003 0.046875 0.11111111111111112
5 0.4341145833333333 0.4759259259259259 0.034895833333333334 0.10740740740740741
16 0.48828125 0.4726851851851852 0.0421875 0.12314814814814816
33 0.53984375 0.4689814814814815 0.0421875 0.08611111111111111
18 0.5942708333333333 0.46851851851851856 0.040625 0.10370370370370371
21 0.6466145833333333 0.4675925925925926 0.0359375 0.10925925925925926
17 0.7005208333333334 0.46481481481481485 0.053125 0.10740740740740741
31 0.75390625 0.4587962962962963 0.0453125 0.11388888888888889
