13 0.09635416666666667 0.49444444444444446 0.03854166666666667 0.10370370370370371
29 0.1515625 0.49444444444444446 0.036458333333333336 0.07037037037037037
6 0.20260416666666667 0.49259259259259264 0.03854166666666667 0.11851851851851852
16 0.2609375 0.4898148148148148 0.042708333333333334 0.12407407407407407
32 0.31666666666666665 0.48888888888888893 0.0375 0.10370370370370371
10 0.37083333333333335 0.48240740740740745 0.0375 0.11296296296296297
14 0.42864583333333334 0.47870370370370374 0.046875 0.11296296296296297
25 0.4864583333333333 0.47685185185185186 0.04583333333333333 0.12037037037037038
28 0.546875 0.47314814814814815 0.03958333333333333 0.09444444444444444
6 0.6052083333333333 0.4759259259259259 0.0375 0.12962962962962962
0 0.6671875 0.4777777777777778 0.042708333333333334 0.11481481481481481
18 0.7328125 0.4740740740740741 0.042708333333333334 0.11481481481481481
19 0.7973958333333333 0.4620370370370371 0.028125 0.13148148148148148
8 0.8630208333333333 0.46574074074074073 0.04479166666666667 0.13148148148148148
