11 0.146875 0.40555555555555556 0.03333333333333333 0.1
18 0.19114583333333332 0.4101851851851852 0.03854166666666667 0.09814814814814815
20 0.2375 0.41944444444444445 0.03333333333333333 0.09814814814814815
26 0.28541666666666665 0.4203703703703704 0.05 0.10740740740740741
27 0.3328125 0.4314814814814815 0.036458333333333336 0.08518518518518518
1 0.3802083333333333 0.4314814814814815 0.03958333333333333 0.1
31 0.43072916666666666 0.4361111111111111 0.042708333333333334 0.10555555555555556
15 0.4817708333333333 0.4398148148148148 0.04895833333333333 0.10925925925925926
19 0.5322916666666666 0.4462962962962963 0.035416666666666666 0.10370370370370371
0 0.5859375 0.44351851851851853 0.04479166666666667 0.10555555555555556
9 0.6416666666666666 0.45 0.04583333333333333 0.07777777777777778
26 0.6963541666666666 0.4518518518518519 0.053125 0.10740740740740741
30 0.7557291666666667 0.45092592592592595 0.046875 0.08703703703703704
15 0.8156249999999999 0.46574074074074073 0.04791666666666666 0.12037037037037038
21 0.8765625 0.47222222222222227 0.04479166666666667 0.11851851851851852
10 0.9406249999999999 0.4777777777777778 0.03958333333333333 0.11111111111111112
