31 0.6734375 0.5060185185185185 0.05416666666666667 0.14351851851851852
17 0.615625 0.5212962962962964 0.05520833333333333 0.12407407407407407
21 0.5596354166666666 0.5263888888888889 0.0453125 0.11944444444444445
18 0.50234375 0.5282407407407408 0.043229166666666666 0.09907407407407408
33 0.45546875 0.5407407407407407 0.04010416666666666 0.0925925925925926
16 0.4083333333333333 0.5402777777777777 0.03333333333333333 0.11018518518518519
5 0.3671875 0.5513888888888889 0.035416666666666666 0.11944444444444445
15 0.31953125 0.5527777777777778 0.0390625 0.10925925925925926
8 0.28046875 0.5527777777777778 0.0328125 0.10555555555555556
29 0.23828125 0.5643518518518519 0.030729166666666665 0.075
32 0.20182291666666666 0.5675925925925926 0.028645833333333332 0.08703703703703704
26 0.16432291666666665 0.5689814814814815 0.0296875 0.10648148148148148
28 0.12760416666666666 0.5777777777777778 0.030208333333333334 0.07037037037037037
6 0.09270833333333334 0.5824074074074075 0.027083333333333334 0.09814814814814815
