32 0.0609375 0.5185185185185185 0.042708333333333334 0.10740740740740741
4 0.12239583333333333 0.512962962962963 0.04375 0.12592592592592594
18 0.18567708333333333 0.5166666666666667 0.0484375 0.11481481481481481
26 0.24609375 0.500462962962963 0.049479166666666664 0.1175925925925926
25 0.30625 0.5032407407407408 0.04583333333333333 0.10648148148148148
14 0.36484375 0.5 0.0421875 0.10740740740740741
9 0.42161458333333335 0.5041666666666667 0.044270833333333336 0.09907407407407408
17 0.47604166666666664 0.500925925925926 0.052083333333333336 0.10740740740740741
14 0.52890625 0.4962962962962963 0.04010416666666666 0.11666666666666667
7 0.5828125 0.4981481481481482 0.040625 0.11666666666666667
25 0.6325520833333333 0.49583333333333335 0.0390625 0.10462962962962963
11 0.6846354166666666 0.49722222222222223 0.0359375 0.10740740740740741
0 0.7354166666666666 0.4967592592592593 0.036458333333333336 0.10462962962962963
7 0.7856770833333333 0.49444444444444446 0.03697916666666667 0.10925925925925926
19 0.8346354166666666 0.49212962962962964 0.0296875 0.11018518518518519
