9 0.18515625 0.4814814814814815 0.05572916666666666 0.11666666666666667
30 0.2515625 0.4916666666666667 0.046875 0.08888888888888889
23 0.3098958333333333 0.49583333333333335 0.04791666666666666 0.12314814814814816
3 0.365625 0.49953703703703706 0.035416666666666666 0.11574074074074074
13 0.4161458333333333 0.5032407407407408 0.040625 0.10092592592592593
21 0.46484375 0.5078703703703704 0.033854166666666664 0.10648148148148148
16 0.51015625 0.5152777777777778 0.033854166666666664 0.11203703703703705
1 0.5536458333333333 0.5189814814814815 0.028125 0.10092592592592593
15 0.5924479166666666 0.5231481481481481 0.034895833333333334 0.10925925925925926
0 0.6296875 0.5347222222222222 0.030208333333333334 0.09351851851851853
0 0.734375 0.5439814814814815 0.030208333333333334 0.09351851851851853
23 0.66640625 0.5333333333333333 0.0328125 0.10740740740740741
20 0.70234375 0.5402777777777777 0.030729166666666665 0.09907407407407408
22 0.7684895833333333 0.5467592592592593 0.025520833333333333 0.09351851851851853
