9 0.11328125 0.4675925925925926 0.0453125 0.0962962962962963
14 0.16953125 0.47870370370370374 0.04010416666666666 0.09814814814814815
10 0.22265625 0.4740740740740741 0.0359375 0.0962962962962963
18 0.2765625 0.47500000000000003 0.041666666666666664 0.09444444444444444
8 0.3255208333333333 0.4842592592592593 0.036458333333333336 0.09814814814814815
8 0.7432291666666666 0.500925925925926 0.036458333333333336 0.09814814814814815
11 0.38046875 0.48750000000000004 0.03802083333333333 0.10462962962962963
5 0.43203125 0.4828703703703704 0.04010416666666666 0.10092592592592593
20 0.4848958333333333 0.48842592592592593 0.04375 0.10092592592592593
26 0.53515625 0.4912037037037037 0.0421875 0.10648148148148148
28 0.5861979166666667 0.4912037037037037 0.03802083333333333 0.0712962962962963
2 0.63828125 0.49768518518518523 0.03697916666666667 0.10277777777777779
6 0.7979166666666666 0.5069444444444444 0.03958333333333333 0.10462962962962963
22 0.6921875 0.5041666666666667 0.05 0.10462962962962963
