24 0.040364583333333336 0.5236111111111111 0.058854166666666666 0.13425925925925927
24 0.16380208333333332 0.5171296296296296 0.058854166666666666 0.13425925925925927
9 0.10182291666666667 0.5212962962962964 0.05364583333333333 0.08518518518518518
25 0.22239583333333332 0.5148148148148148 0.053125 0.12592592592592594
16 0.28229166666666666 0.5060185185185185 0.053125 0.125
1 0.34765625 0.5018518518518519 0.044270833333333336 0.10925925925925926
1 0.46249999999999997 0.49212962962962964 0.03854166666666667 0.11018518518518519
2 0.5770833333333333 0.4842592592592593 0.03854166666666667 0.10925925925925926
3 0.6950520833333333 0.4810185185185185 0.03697916666666667 0.11203703703703705
17 0.40208333333333335 0.4861111111111111 0.05520833333333333 0.11296296296296297
12 0.6346354166666667 0.4861111111111111 0.043229166666666666 0.0925925925925926
10 0.8091145833333333 0.47731481481481486 0.03697916666666667 0.11388888888888889
