9 0.08203125 0.48333333333333334 0.04739583333333333 0.08333333333333334
30 0.13541666666666666 0.4810185185185185 0.03854166666666667 0.075
23 0.18723958333333332 0.4810185185185185 0.0421875 0.10648148148148148
3 0.23932291666666666 0.4800925925925926 0.04114583333333333 0.10462962962962963
13 0.28828125 0.47962962962962963 0.0453125 0.08888888888888889
21 0.34088541666666666 0.4791666666666667 0.04010416666666666 0.10277777777777779
16 0.3911458333333333 0.4777777777777778 0.0375 0.10925925925925926
1 0.44140625 0.475462962962963 0.03697916666666667 0.09907407407407408
15 0.4908854166666667 0.47824074074074074 0.0421875 0.10462962962962963
0 0.5408854166666667 0.47962962962962963 0.033854166666666664 0.09444444444444444
23 0.5903645833333333 0.4777777777777778 0.0390625 0.1
20 0.640625 0.48194444444444445 0.035416666666666666 0.10092592592592593
0 0.6919270833333333 0.47962962962962963 0.04010416666666666 0.1
22 0.7416666666666667 0.4828703703703704 0.041666666666666664 0.10648148148148148
