9 0.13932291666666666 0.6699074074074074 0.0296875 0.0712962962962963
14 0.18072916666666666 0.6662037037037037 0.030208333333333334 0.08796296296296297
10 0.22239583333333332 0.6574074074074074 0.029166666666666667 0.0925925925925926
18 0.2661458333333333 0.6476851851851853 0.03854166666666667 0.08981481481481482
8 0.30807291666666664 0.6435185185185185 0.0328125 0.10185185185185186
11 0.3559895833333333 0.6347222222222223 0.033854166666666664 0.09537037037037037
5 0.40130208333333334 0.6236111111111111 0.033854166666666664 0.10462962962962963
20 0.4484375 0.6138888888888889 0.036458333333333336 0.09074074074074075
26 0.49635416666666665 0.6078703703703704 0.041666666666666664 0.11203703703703705
28 0.5463541666666667 0.5967592592592593 0.04375 0.08611111111111111
2 0.5971354166666667 0.5912037037037037 0.0359375 0.10462962962962963
6 0.75859375 0.5648148148148149 0.0421875 0.10925925925925926
22 0.65078125 0.5842592592592593 0.04114583333333333 0.10740740740740741
8 0.70390625 0.575925925925926 0.04635416666666667 0.10740740740740741
