22 0.08333333333333333 0.5106481481481482 0.0625 0.14722222222222223
22 0.76484375 0.5370370370370371 0.034895833333333334 0.10925925925925926
18 0.4239583333333333 0.5175925925925926 0.052083333333333336 0.11296296296296297
18 0.48203124999999997 0.5083333333333333 0.04114583333333333 0.10555555555555556
2 0.1625 0.5152777777777778 0.05416666666666667 0.14166666666666666
20 0.23489583333333333 0.5115740740740741 0.05416666666666667 0.13425925925925927
15 0.3026041666666667 0.513888888888889 0.05416666666666667 0.1388888888888889
23 0.36484375 0.513888888888889 0.050520833333333334 0.13518518518518519
5 0.5322916666666666 0.5152777777777778 0.036458333333333336 0.1212962962962963
24 0.5833333333333334 0.5236111111111111 0.03854166666666667 0.11944444444444445
6 0.6325520833333333 0.5222222222222223 0.03177083333333333 0.11111111111111112
7 0.67734375 0.5259259259259259 0.03697916666666667 0.10555555555555556
30 0.72109375 0.5300925925925926 0.028645833333333332 0.07314814814814816
10 0.8052083333333333 0.5356481481481482 0.025 0.09537037037037037
