19 0.07838541666666667 0.5208333333333334 0.033854166666666664 0.11388888888888889
21 0.13802083333333334 0.5185185185185185 0.04375 0.11481481481481481
33 0.1921875 0.5143518518518518 0.04479166666666667 0.08611111111111111
31 0.24765625 0.5152777777777778 0.04635416666666667 0.10833333333333334
27 0.3026041666666667 0.5111111111111112 0.05 0.1
27 0.4109375 0.5064814814814815 0.04895833333333333 0.1
29 0.35625 0.5060185185185185 0.040625 0.07685185185185185
23 0.46328125 0.5023148148148149 0.04739583333333333 0.11574074074074074
31 0.5190104166666667 0.5018518518518519 0.044270833333333336 0.10925925925925926
30 0.5705729166666667 0.5060185185185185 0.0453125 0.08981481481481482
27 0.6244791666666667 0.5046296296296297 0.040625 0.0925925925925926
4 0.6765625 0.5023148148148149 0.035416666666666666 0.11574074074074074
28 0.7322916666666667 0.5046296296296297 0.0375 0.0925925925925926
29 0.7856770833333333 0.5032407407407408 0.03697916666666667 0.08425925925925926
