11 0.09244791666666667 0.4814814814814815 0.04010416666666666 0.10555555555555556
11 0.29609375 0.48194444444444445 0.0421875 0.10092592592592593
27 0.14166666666666666 0.4842592592592593 0.042708333333333334 0.0925925925925926
2 0.19401041666666666 0.48240740740740745 0.0390625 0.1
16 0.24609375 0.4791666666666667 0.0421875 0.10833333333333334
15 0.34791666666666665 0.48240740740740745 0.04375 0.10740740740740741
14 0.396875 0.47870370370370374 0.03854166666666667 0.10185185185185186
13 0.44687499999999997 0.47453703703703703 0.03958333333333333 0.09351851851851853
10 0.49453125 0.47361111111111115 0.0359375 0.08981481481481482
20 0.5453125 0.4777777777777778 0.03229166666666666 0.09814814814814815
4 0.5947916666666666 0.47731481481481486 0.03333333333333333 0.10462962962962963
12 0.64453125 0.47870370370370374 0.03697916666666667 0.08703703703703704
12 0.69296875 0.4777777777777778 0.03697916666666667 0.08703703703703704
17 0.7447916666666666 0.4777777777777778 0.04479166666666667 0.09814814814814815
