31 0.7924479166666667 0.5453703703703704 0.050520833333333334 0.1
17 0.7356770833333334 0.55 0.0546875 0.0925925925925926
21 0.68125 0.5625 0.042708333333333334 0.10092592592592593
18 0.6299479166666666 0.5652777777777778 0.03697916666666667 0.08611111111111111
33 0.575 0.576388888888889 0.041666666666666664 0.075
16 0.5236979166666667 0.5782407407407407 0.043229166666666666 0.10277777777777779
5 0.47578125 0.5861111111111111 0.03697916666666667 0.09814814814814815
15 0.4223958333333333 0.587962962962963 0.04479166666666667 0.10740740740740741
8 0.3736979166666667 0.5935185185185186 0.0359375 0.0925925925925926
29 0.3265625 0.5986111111111111 0.034375 0.08240740740740742
32 0.27630208333333334 0.6013888888888889 0.034895833333333334 0.08425925925925926
26 0.22682291666666665 0.6106481481481482 0.043229166666666666 0.10092592592592593
28 0.178125 0.6138888888888889 0.036458333333333336 0.06666666666666667
6 0.13046875 0.6185185185185186 0.0421875 0.09814814814814815
