13 0.109375 0.5111111111111112 0.05416666666666667 0.11111111111111112
29 0.17760416666666667 0.512962962962963 0.04479166666666667 0.08148148148148149
6 0.24322916666666666 0.5166666666666667 0.04479166666666667 0.12592592592592594
16 0.3109375 0.5111111111111112 0.04479166666666667 0.12592592592592594
32 0.375 0.5092592592592593 0.04375 0.10370370370370371
10 0.43854166666666666 0.5046296296296297 0.035416666666666666 0.10555555555555556
14 0.5010416666666666 0.5074074074074074 0.04791666666666666 0.11481481481481481
25 0.5640625 0.5074074074074074 0.051041666666666666 0.11851851851851852
28 0.625 0.4962962962962963 0.041666666666666664 0.0925925925925926
28 0.6838541666666667 0.5064814814814815 0.046875 0.12037037037037038
0 0.75 0.5064814814814815 0.04791666666666666 0.11666666666666667
18 0.8083333333333333 0.5055555555555555 0.03958333333333333 0.1
19 0.8682291666666666 0.4981481481481482 0.028125 0.11851851851851852
8 0.9255208333333333 0.4990740740740741 0.046875 0.12037037037037038
