19 0.8260416666666667 0.5231481481481481 0.029166666666666667 0.08333333333333334
21 0.7796875 0.5157407407407407 0.034375 0.09814814814814815
15 0.7348958333333333 0.5111111111111112 0.03854166666666667 0.10370370370370371
30 0.6890625 0.5083333333333333 0.030208333333333334 0.07222222222222223
17 0.6390625 0.500925925925926 0.04479166666666667 0.09074074074074075
9 0.5911458333333334 0.5027777777777778 0.040625 0.07592592592592592
0 0.54375 0.5018518518518519 0.0375 0.0962962962962963
19 0.49166666666666664 0.500925925925926 0.027083333333333334 0.10925925925925926
15 0.4427083333333333 0.4981481481481482 0.04375 0.10740740740740741
31 0.39010416666666664 0.4953703703703704 0.040625 0.10185185185185186
1 0.33697916666666666 0.4916666666666667 0.034375 0.10185185185185186
27 0.2828125 0.49444444444444446 0.042708333333333334 0.0962962962962963
26 0.22708333333333333 0.4842592592592593 0.04375 0.12037037037037038
20 0.1671875 0.48240740740740745 0.042708333333333334 0.10925925925925926
18 0.10989583333333333 0.47500000000000003 0.04895833333333333 0.10555555555555556
11 0.0484375 0.4759259259259259 0.04895833333333333 0.11111111111111112
