21 0.26171875 0.3805555555555556 0.05364583333333333 0.14444444444444446
3 0.32916666666666666 0.4046296296296297 0.05 0.12592592592592594
19 0.3924479166666667 0.41944444444444445 0.028645833333333332 0.12407407407407407
26 0.45234375 0.4365740740740741 0.0453125 0.14537037037037037
0 0.5067708333333333 0.4569444444444445 0.04375 0.12314814814814816
24 0.5588541666666667 0.47453703703703703 0.04375 0.1287037037037037
8 0.60859375 0.487962962962963 0.0390625 0.12037037037037038
33 0.6552083333333333 0.4990740740740741 0.034375 0.07407407407407407
12 0.6979166666666666 0.5120370370370371 0.035416666666666666 0.08888888888888889
4 0.74140625 0.5212962962962964 0.025520833333333333 0.10555555555555556
13 0.7809895833333333 0.5337962962962963 0.0296875 0.08981481481481482
13 0.8197916666666667 0.5476851851851852 0.030208333333333334 0.08981481481481482
1 0.8557291666666667 0.5578703703703703 0.025 0.10092592592592593
3 0.8916666666666666 0.5671296296296297 0.02395833333333333 0.09351851851851853
