22 0.11640625 0.5143518518518518 0.06197916666666667 0.14537037037037037
22 0.7674479166666667 0.5481481481481482 0.03177083333333333 0.10185185185185186
2 0.19348958333333333 0.5212962962962964 0.05572916666666666 0.14444444444444446
20 0.2643229166666667 0.5222222222222223 0.05260416666666667 0.14074074074074075
15 0.3328125 0.5231481481481481 0.057291666666666664 0.13518518518518519
23 0.39140625 0.5240740740740741 0.04635416666666667 0.12407407407407407
18 0.44921875 0.5212962962962964 0.0421875 0.10555555555555556
18 0.50078125 0.5222222222222223 0.0421875 0.10555555555555556
5 0.5502604166666667 0.5287037037037037 0.0359375 0.11111111111111112
24 0.6 0.5337962962962963 0.035416666666666666 0.11388888888888889
6 0.6419270833333334 0.5351851851851852 0.033854166666666664 0.10555555555555556
7 0.6869791666666667 0.5375 0.03125 0.11574074074074074
30 0.72890625 0.5430555555555556 0.0296875 0.062037037037037036
10 0.80546875 0.55 0.024479166666666666 0.0925925925925926
