19 0.8890625 0.4351851851851852 0.04895833333333333 0.12592592592592594
21 0.8208333333333333 0.42592592592592593 0.04583333333333333 0.12962962962962962
15 0.7567708333333333 0.4138888888888889 0.053125 0.1388888888888889
30 0.6942708333333333 0.3990740740740741 0.040625 0.07592592592592592
17 0.6348958333333333 0.39351851851851855 0.05520833333333333 0.11666666666666667
9 0.5807291666666666 0.3944444444444445 0.04479166666666667 0.08518518518518518
0 0.5244791666666666 0.3907407407407408 0.040625 0.11111111111111112
19 0.47760416666666666 0.38796296296296295 0.026041666666666668 0.11296296296296297
15 0.42864583333333334 0.37962962962962965 0.03854166666666667 0.11481481481481481
31 0.38229166666666664 0.3731481481481482 0.035416666666666666 0.09814814814814815
1 0.33697916666666666 0.3685185185185185 0.034375 0.1
27 0.29322916666666665 0.3648148148148148 0.034375 0.08518518518518518
26 0.2515625 0.35185185185185186 0.034375 0.10740740740740741
20 0.21197916666666666 0.3509259259259259 0.03229166666666666 0.10185185185185186
18 0.17447916666666666 0.34444444444444444 0.034375 0.08888888888888889
11 0.13645833333333332 0.34351851851851856 0.03125 0.09814814814814815
