9 0.05677083333333333 0.4981481481481482 0.057291666666666664 0.10185185185185186
14 0.11979166666666667 0.49768518518518523 0.05625 0.11944444444444445
10 0.18515625 0.49074074074074076 0.0421875 0.10185185185185186
18 0.24973958333333332 0.49074074074074076 0.0453125 0.10740740740740741
8 0.7453125 0.4666666666666667 0.04791666666666666 0.11851851851851852
8 0.3072916666666667 0.48703703703703705 0.04791666666666666 0.11851851851851852
11 0.37135416666666665 0.48935185185185187 0.05 0.11574074074074074
5 0.428125 0.4814814814814815 0.036458333333333336 0.11111111111111112
20 0.48203124999999997 0.4726851851851852 0.04114583333333333 0.10462962962962963
26 0.53515625 0.47361111111111115 0.0453125 0.10833333333333334
28 0.5895833333333333 0.46944444444444444 0.036458333333333336 0.08148148148148149
2 0.6403645833333333 0.4712962962962963 0.033854166666666664 0.10740740740740741
6 0.79453125 0.46944444444444444 0.043229166666666666 0.10555555555555556
22 0.69453125 0.47361111111111115 0.044270833333333336 0.10833333333333334
