13 0.14427083333333332 0.5388888888888889 0.05520833333333333 0.11851851851851852
29 0.21197916666666666 0.5314814814814816 0.046875 0.0962962962962963
6 0.27708333333333335 0.5370370370370371 0.041666666666666664 0.12592592592592594
16 0.3442708333333333 0.5259259259259259 0.046875 0.12962962962962962
32 0.4046875 0.525 0.051041666666666666 0.11666666666666667
10 0.4713541666666667 0.5185185185185185 0.036458333333333336 0.11111111111111112
14 0.5317708333333333 0.513888888888889 0.040625 0.11666666666666667
25 0.5895833333333333 0.5101851851851852 0.05 0.11666666666666667
28 0.6479166666666667 0.5074074074074074 0.04791666666666666 0.10370370370370371
6 0.7088541666666667 0.5092592592592593 0.042708333333333334 0.11851851851851852
0 0.7677083333333333 0.5055555555555555 0.041666666666666664 0.11481481481481481
18 0.8270833333333333 0.5055555555555555 0.04375 0.1
19 0.884375 0.5 0.035416666666666666 0.11851851851851852
8 0.9411458333333333 0.4916666666666667 0.046875 0.1277777777777778
