19 0.06484375 0.5648148148148149 0.034895833333333334 0.12222222222222223
21 0.13541666666666666 0.5689814814814815 0.05520833333333333 0.11944444444444445
23 0.5190104166666667 0.5652777777777778 0.05364583333333333 0.11944444444444445
33 0.20130208333333333 0.562962962962963 0.05364583333333333 0.08518518518518518
31 0.26848958333333334 0.5675925925925926 0.05677083333333333 0.11666666666666667
31 0.578125 0.5685185185185185 0.052083333333333336 0.11666666666666667
27 0.33098958333333334 0.5680555555555555 0.050520833333333334 0.10462962962962963
27 0.45729166666666665 0.5657407407407408 0.052083333333333336 0.10185185185185186
29 0.39401041666666664 0.5601851851851852 0.0421875 0.07962962962962963
30 0.6390625 0.5675925925925926 0.04583333333333333 0.08703703703703704
27 0.7015625 0.5666666666666667 0.052083333333333336 0.12037037037037038
28 0.82109375 0.576388888888889 0.0453125 0.09722222222222222
29 0.8802083333333334 0.5768518518518518 0.046875 0.07962962962962963
4 0.759375 0.5726851851851852 0.04791666666666666 0.13055555555555556
