24 0.29973958333333334 0.44351851851851853 0.049479166666666664 0.11851851851851852
24 0.4106770833333333 0.4851851851851852 0.049479166666666664 0.11851851851851852
9 0.35859375 0.46481481481481485 0.0453125 0.09074074074074075
25 0.46484375 0.5060185185185185 0.04010416666666666 0.10833333333333334
16 0.5114583333333333 0.5231481481481481 0.03854166666666667 0.12222222222222223
1 0.559375 0.5388888888888889 0.03125 0.10740740740740741
17 0.6046875 0.549537037037037 0.04479166666666667 0.10462962962962963
1 0.64921875 0.5703703703703704 0.0328125 0.10370370370370371
2 0.7325520833333333 0.6083333333333334 0.0265625 0.0962962962962963
12 0.7716145833333333 0.6226851851851852 0.03177083333333333 0.08425925925925926
3 0.8117187499999999 0.6375000000000001 0.03177083333333333 0.09537037037037037
10 0.8828125 0.6662037037037037 0.034375 0.09907407407407408
