32 0.14921875 0.5481481481481482 0.05364583333333333 0.13148148148148148
4 0.21536458333333333 0.5574074074074075 0.050520833333333334 0.14444444444444446
7 0.6385416666666667 0.587962962962963 0.03333333333333333 0.10370370370370371
7 0.79296875 0.6046296296296296 0.027604166666666666 0.09444444444444444
0 0.7588541666666666 0.5990740740740741 0.03333333333333333 0.07777777777777778
18 0.28229166666666666 0.5574074074074075 0.053125 0.11296296296296297
26 0.34270833333333334 0.5550925925925926 0.046875 0.1287037037037037
25 0.3984375 0.5680555555555555 0.04895833333333333 0.1287037037037037
25 0.678125 0.5925925925925926 0.035416666666666666 0.0962962962962963
19 0.8322916666666667 0.6101851851851852 0.028125 0.09814814814814815
14 0.4484375 0.5712962962962963 0.040625 0.11666666666666667
14 0.5950520833333334 0.5888888888888889 0.03697916666666667 0.10925925925925926
9 0.49973958333333335 0.5824074074074075 0.0359375 0.10370370370370371
17 0.54609375 0.5750000000000001 0.04739583333333333 0.10740740740740741
11 0.71796875 0.600462962962963 0.028645833333333332 0.1212962962962963
