19 0.10885416666666667 0.4949074074074074 0.0375 0.125
21 0.17630208333333333 0.48703703703703705 0.0546875 0.12962962962962962
33 0.24140625 0.47685185185185186 0.050520833333333334 0.08888888888888889
31 0.30416666666666664 0.47824074074074074 0.051041666666666666 0.1175925925925926
31 0.5885416666666666 0.4615740740740741 0.041666666666666664 0.10277777777777779
27 0.3677083333333333 0.4800925925925926 0.04375 0.10462962962962963
27 0.48125 0.46574074074074073 0.042708333333333334 0.09814814814814815
27 0.68828125 0.45740740740740743 0.04010416666666666 0.09814814814814815
29 0.42291666666666666 0.4689814814814815 0.04375 0.06944444444444445
29 0.8328125 0.45601851851851855 0.035416666666666666 0.0712962962962963
23 0.5348958333333333 0.4601851851851852 0.04479166666666667 0.11111111111111112
30 0.6377604166666666 0.45601851851851855 0.0390625 0.0787037037037037
4 0.7372395833333333 0.45601851851851855 0.03697916666666667 0.10648148148148148
28 0.7828125 0.4527777777777778 0.03958333333333333 0.08518518518518518
