32 0.15598958333333332 0.7458333333333333 0.024479166666666666 0.07685185185185185
4 0.19010416666666666 0.7439814814814815 0.027083333333333334 0.09351851851851853
7 0.5130208333333334 0.7305555555555556 0.036458333333333336 0.11666666666666667
7 0.7354166666666666 0.7282407407407407 0.046875 0.125
18 0.22473958333333333 0.7416666666666667 0.0296875 0.08333333333333334
26 0.26171875 0.7393518518518519 0.033854166666666664 0.10833333333333334
25 0.2981770833333333 0.7361111111111112 0.034895833333333334 0.09444444444444444
25 0.5640625 0.7310185185185185 0.04375 0.12314814814814816
14 0.33671875 0.7384259259259259 0.028645833333333332 0.09907407407407408
14 0.465625 0.7296296296296296 0.036458333333333336 0.11481481481481481
17 0.4223958333333333 0.7305555555555556 0.041666666666666664 0.1
9 0.37864583333333335 0.736574074074074 0.03958333333333333 0.07314814814814816
11 0.6190104166666667 0.7277777777777779 0.049479166666666664 0.11296296296296297
0 0.6752604166666667 0.7305555555555556 0.05364583333333333 0.12037037037037038
19 0.8018229166666666 0.7236111111111111 0.0515625 0.13425925925925927
