22 0.06458333333333333 0.6287037037037038 0.04479166666666667 0.10185185185185186
22 0.7119791666666666 0.5324074074074074 0.051041666666666666 0.12592592592592594
18 0.315625 0.5851851851851853 0.04375 0.0925925925925926
18 0.36822916666666666 0.5675925925925926 0.04375 0.0925925925925926
2 0.11119791666666666 0.6157407407407408 0.03697916666666667 0.10925925925925926
20 0.16145833333333334 0.6111111111111112 0.03854166666666667 0.10185185185185186
15 0.21197916666666666 0.6018518518518519 0.041666666666666664 0.10185185185185186
23 0.2638020833333333 0.5953703703703704 0.043229166666666666 0.10740740740740741
5 0.4223958333333333 0.5648148148148149 0.03958333333333333 0.10555555555555556
24 0.4796875 0.5592592592592592 0.04895833333333333 0.11666666666666667
6 0.5341145833333333 0.5532407407407408 0.04635416666666667 0.11574074074074074
7 0.5916666666666667 0.5402777777777777 0.035416666666666666 0.09907407407407408
30 0.6505208333333333 0.5356481481481482 0.04375 0.08981481481481482
10 0.771875 0.5171296296296296 0.03958333333333333 0.1175925925925926
