3 0.821875 0.5967592592592593 0.04375 0.125
1 0.75859375 0.6013888888888889 0.0453125 0.11388888888888889
13 0.696875 0.6018518518518519 0.04375 0.08888888888888889
13 0.6390625 0.6134259259259259 0.041666666666666664 0.09537037037037037
4 0.5815104166666667 0.6152777777777778 0.04010416666666666 0.11018518518518519
12 0.53125 0.6245370370370371 0.03854166666666667 0.09351851851851853
33 0.4809895833333333 0.6305555555555555 0.0390625 0.07407407407407407
8 0.4317708333333333 0.6393518518518518 0.030208333333333334 0.10648148148148148
24 0.3846354166666667 0.6421296296296296 0.04010416666666666 0.11018518518518519
0 0.34010416666666665 0.6462962962962964 0.034375 0.0925925925925926
26 0.29453125 0.650462962962963 0.03802083333333333 0.10462962962962963
19 0.24973958333333332 0.6555555555555556 0.0203125 0.1
3 0.20911458333333333 0.6625 0.028645833333333332 0.09537037037037037
21 0.1671875 0.6652777777777779 0.03229166666666666 0.09537037037037037
