6 0.11276041666666667 0.4361111111111111 0.05364583333333333 0.15925925925925927
28 0.18385416666666665 0.4375 0.053125 0.125
26 0.2544270833333333 0.4361111111111111 0.0546875 0.1388888888888889
32 0.3177083333333333 0.4324074074074074 0.03854166666666667 0.10185185185185186
29 0.38125 0.43472222222222223 0.04791666666666666 0.08796296296296297
8 0.4361979166666667 0.4388888888888889 0.04010416666666666 0.12222222222222223
15 0.4895833333333333 0.4393518518518519 0.042708333333333334 0.12314814814814816
5 0.5390625 0.4412037037037037 0.0375 0.11944444444444445
16 0.5877604166666667 0.44074074074074077 0.0328125 0.12037037037037038
33 0.6302083333333334 0.44074074074074077 0.035416666666666666 0.08333333333333334
18 0.67421875 0.4375 0.03802083333333333 0.10092592592592593
21 0.7174479166666666 0.4412037037037037 0.033854166666666664 0.10833333333333334
17 0.75703125 0.4398148148148148 0.034895833333333334 0.08703703703703704
31 0.7963541666666667 0.4388888888888889 0.030208333333333334 0.09814814814814815
