19 0.052083333333333336 0.4791666666666667 0.034375 0.11388888888888889
21 0.11041666666666666 0.4763888888888889 0.05 0.11388888888888889
33 0.16875 0.4666666666666667 0.04895833333333333 0.08703703703703704
31 0.2296875 0.4671296296296297 0.052083333333333336 0.10833333333333334
31 0.5166666666666666 0.45416666666666666 0.04583333333333333 0.11018518518518519
27 0.2911458333333333 0.4666666666666667 0.04583333333333333 0.0925925925925926
27 0.40390624999999997 0.45740740740740743 0.04635416666666667 0.0925925925925926
27 0.6302083333333334 0.4513888888888889 0.04375 0.09722222222222222
29 0.34609375 0.46296296296296297 0.03697916666666667 0.07037037037037037
30 0.5729166666666666 0.44722222222222224 0.0375 0.07777777777777778
28 0.7432291666666666 0.4481481481481482 0.04895833333333333 0.1
29 0.80234375 0.44537037037037036 0.0453125 0.07962962962962963
4 0.6854166666666667 0.4513888888888889 0.04375 0.11574074074074074
23 0.459375 0.4527777777777778 0.04895833333333333 0.10925925925925926
