19 0.08776041666666666 0.6662037037037037 0.021354166666666667 0.11203703703703705
21 0.134375 0.65 0.0375 0.11296296296296297
33 0.18333333333333332 0.6458333333333334 0.03854166666666667 0.075
31 0.23229166666666667 0.6421296296296296 0.041666666666666664 0.11203703703703705
31 0.49973958333333335 0.6083333333333334 0.04635416666666667 0.11851851851851852
27 0.2830729166666667 0.6375000000000001 0.0421875 0.10092592592592593
27 0.3888020833333333 0.6171296296296297 0.0453125 0.10462962962962963
27 0.6190104166666667 0.600462962962963 0.0515625 0.11018518518518519
29 0.33359375 0.6263888888888889 0.0390625 0.08055555555555556
29 0.8151041666666666 0.5791666666666667 0.04895833333333333 0.08611111111111111
30 0.5565104166666667 0.6013888888888889 0.0421875 0.08425925925925926
28 0.7466145833333333 0.5888888888888889 0.0546875 0.10555555555555556
4 0.6783854166666666 0.5912037037037037 0.04635416666666667 0.1287037037037037
23 0.4434895833333333 0.6143518518518519 0.049479166666666664 0.125
