32 0.06458333333333333 0.6138888888888889 0.04583333333333333 0.09444444444444444
4 0.12526041666666665 0.6162037037037037 0.0484375 0.11388888888888889
18 0.18567708333333333 0.6101851851851852 0.0515625 0.10185185185185186
26 0.24765625 0.6083333333333334 0.04635416666666667 0.11851851851851852
25 0.3078125 0.6087962962962963 0.05520833333333333 0.11018518518518519
25 0.6598958333333333 0.6041666666666667 0.05520833333333333 0.11018518518518519
14 0.36953125 0.6106481481481482 0.04635416666666667 0.10277777777777779
9 0.42734374999999997 0.6092592592592593 0.0484375 0.08703703703703704
17 0.4856770833333333 0.6032407407407407 0.050520833333333334 0.09722222222222222
14 0.5466145833333333 0.6032407407407407 0.04635416666666667 0.10277777777777779
7 0.6013020833333333 0.6032407407407407 0.043229166666666666 0.10462962962962963
7 0.8403645833333333 0.6013888888888889 0.043229166666666666 0.10462962962962963
11 0.7205729166666667 0.6037037037037037 0.0546875 0.10925925925925926
0 0.7802083333333333 0.6037037037037037 0.04583333333333333 0.11666666666666667
19 0.8963541666666667 0.5972222222222222 0.03125 0.10555555555555556
