6 0.12942708333333333 0.45555555555555555 0.05364583333333333 0.13333333333333333
28 0.20026041666666666 0.4569444444444445 0.050520833333333334 0.08611111111111111
26 0.2661458333333333 0.4569444444444445 0.058333333333333334 0.12685185185185185
32 0.32916666666666666 0.44953703703703707 0.042708333333333334 0.09722222222222222
29 0.3888020833333333 0.45046296296296295 0.03802083333333333 0.075
8 0.44505208333333335 0.4467592592592593 0.04010416666666666 0.10648148148148148
15 0.5028645833333333 0.45 0.0453125 0.11851851851851852
5 0.5520833333333334 0.44953703703703707 0.041666666666666664 0.1212962962962963
16 0.6026041666666666 0.4439814814814815 0.04375 0.11388888888888889
33 0.653125 0.44722222222222224 0.040625 0.07777777777777778
18 0.7044270833333334 0.44027777777777777 0.0390625 0.10277777777777779
21 0.7505208333333333 0.4412037037037037 0.036458333333333336 0.10833333333333334
17 0.7981770833333334 0.4398148148148148 0.0453125 0.10740740740740741
31 0.8432291666666667 0.43472222222222223 0.03958333333333333 0.10648148148148148
