24 0.25390625 0.49583333333333335 0.06197916666666667 0.14166666666666666
24 0.37057291666666664 0.538425925925926 0.0453125 0.13425925925925927
9 0.3182291666666667 0.5166666666666667 0.052083333333333336 0.0925925925925926
25 0.42552083333333335 0.5541666666666667 0.042708333333333334 0.11944444444444445
16 0.47109375 0.5662037037037038 0.03802083333333333 0.1212962962962963
1 0.5138020833333333 0.5773148148148148 0.0328125 0.10462962962962963
1 0.59296875 0.6018518518518519 0.027604166666666666 0.1
17 0.5544270833333333 0.5851851851851853 0.04010416666666666 0.11111111111111112
2 0.6606770833333333 0.625925925925926 0.025520833333333333 0.09444444444444444
12 0.6927083333333334 0.6421296296296296 0.025 0.08055555555555556
3 0.7239583333333334 0.65 0.020833333333333332 0.08888888888888889
10 0.7794270833333333 0.6722222222222223 0.019270833333333334 0.08703703703703704
