9 0.17526041666666667 0.5601851851851852 0.058854166666666666 0.1
30 0.24088541666666666 0.5736111111111112 0.04114583333333333 0.09351851851851853
23 0.30182291666666666 0.5800925925925926 0.050520833333333334 0.12314814814814816
3 0.36223958333333334 0.5912037037037037 0.0421875 0.12314814814814816
13 0.41901041666666666 0.6037037037037037 0.04635416666666667 0.09814814814814815
21 0.4744791666666667 0.6152777777777778 0.041666666666666664 0.11574074074074074
16 0.5268229166666667 0.6300925925925926 0.03697916666666667 0.1212962962962963
1 0.57734375 0.638425925925926 0.033854166666666664 0.10092592592592593
15 0.6255208333333333 0.6481481481481481 0.041666666666666664 0.11666666666666667
0 0.6747395833333333 0.6615740740740741 0.03697916666666667 0.11203703703703705
0 0.81484375 0.6930555555555555 0.03697916666666667 0.11203703703703705
23 0.7223958333333333 0.6712962962962963 0.040625 0.10740740740740741
20 0.7692708333333333 0.6851851851851852 0.03333333333333333 0.10185185185185186
22 0.8572916666666667 0.7064814814814815 0.03854166666666667 0.10925925925925926
