13 0.019270833333333334 0.3175925925925926 0.034375 0.10555555555555556
29 0.06197916666666667 0.3148148148148148 0.034375 0.08148148148148149
6 0.10520833333333333 0.32685185185185184 0.0375 0.11666666666666667
16 0.1546875 0.3287037037037037 0.03854166666666667 0.12407407407407407
6 0.4744791666666667 0.36203703703703705 0.04895833333333333 0.13148148148148148
32 0.20208333333333334 0.337037037037037 0.0375 0.0962962962962963
10 0.2505208333333333 0.34074074074074073 0.034375 0.11851851851851852
14 0.30416666666666664 0.3416666666666667 0.04375 0.12407407407407407
25 0.3614583333333333 0.34814814814814815 0.04583333333333333 0.12962962962962962
28 0.41822916666666665 0.35462962962962963 0.04479166666666667 0.10925925925925926
0 0.5354166666666667 0.375 0.04375 0.13518518518518519
18 0.6046875 0.3824074074074074 0.053125 0.13148148148148148
19 0.675 0.3861111111111111 0.04375 0.1425925925925926
8 0.7494791666666667 0.3907407407407408 0.05520833333333333 0.15925925925925927
