6 0.04114583333333333 0.47175925925925927 0.04895833333333333 0.1212962962962963
28 0.10078125 0.46296296296296297 0.043229166666666666 0.08703703703703704
26 0.16015625 0.46481481481481485 0.05572916666666666 0.11481481481481481
32 0.21744791666666666 0.4620370370370371 0.04114583333333333 0.09074074074074075
29 0.278125 0.4666666666666667 0.041666666666666664 0.07777777777777778
8 0.3302083333333333 0.45740740740740743 0.04479166666666667 0.10370370370370371
8 0.38776041666666666 0.46064814814814814 0.050520833333333334 0.11944444444444445
5 0.44505208333333335 0.4615740740740741 0.043229166666666666 0.11203703703703705
16 0.50078125 0.4615740740740741 0.04010416666666666 0.11388888888888889
18 0.6091145833333333 0.45925925925925926 0.0421875 0.0925925925925926
33 0.5557291666666666 0.46296296296296297 0.04375 0.07592592592592592
21 0.6666666666666666 0.4601851851851852 0.046875 0.10555555555555556
17 0.7234375 0.45416666666666666 0.04895833333333333 0.10277777777777779
31 0.77890625 0.4467592592592593 0.0453125 0.11388888888888889
