11 0.09192708333333333 0.5 0.043229166666666666 0.11851851851851852
11 0.3416666666666667 0.5189814814814815 0.04791666666666666 0.11018518518518519
27 0.15729166666666666 0.5032407407407408 0.052083333333333336 0.09537037037037037
2 0.21692708333333333 0.5106481481481482 0.0453125 0.11574074074074074
16 0.28046875 0.513425925925926 0.049479166666666664 0.1212962962962963
15 0.4005208333333333 0.5217592592592593 0.051041666666666666 0.11388888888888889
14 0.4588541666666667 0.5226851851851853 0.04375 0.09722222222222222
13 0.5166666666666666 0.5236111111111111 0.04583333333333333 0.09537037037037037
10 0.5736979166666667 0.5300925925925926 0.0359375 0.10648148148148148
20 0.6296875 0.5356481481481482 0.04375 0.10092592592592593
4 0.6903645833333333 0.5416666666666667 0.03802083333333333 0.10740740740740741
12 0.7442708333333333 0.5439814814814815 0.046875 0.09722222222222222
12 0.80234375 0.5513888888888889 0.0453125 0.10092592592592593
17 0.8580729166666666 0.5564814814814815 0.05677083333333333 0.10740740740740741
