11 0.12786458333333334 0.5444444444444445 0.033854166666666664 0.09814814814814815
11 0.2830729166666667 0.5236111111111111 0.0359375 0.10092592592592593
27 0.1640625 0.5351851851851852 0.030208333333333334 0.08148148148148149
2 0.203125 0.5328703703703704 0.026041666666666668 0.10277777777777779
16 0.24192708333333332 0.5287037037037037 0.030729166666666665 0.11111111111111112
15 0.32578125 0.5194444444444445 0.04114583333333333 0.11666666666666667
14 0.37109375 0.5055555555555555 0.04010416666666666 0.11111111111111112
13 0.41875 0.5018518518518519 0.03854166666666667 0.09444444444444444
10 0.46770833333333334 0.49583333333333335 0.03125 0.10462962962962963
20 0.5182291666666666 0.48888888888888893 0.041666666666666664 0.12037037037037038
4 0.5763020833333333 0.4847222222222222 0.04010416666666666 0.125
12 0.6322916666666667 0.48055555555555557 0.04791666666666666 0.11111111111111112
12 0.6958333333333333 0.47453703703703703 0.052083333333333336 0.11018518518518519
17 0.7619791666666667 0.4689814814814815 0.065625 0.13425925925925927
