9 0.058333333333333334 0.48564814814814816 0.052083333333333336 0.08425925925925926
30 0.11666666666666667 0.4708333333333333 0.042708333333333334 0.08981481481481482
23 0.17786458333333333 0.46574074074074073 0.050520833333333334 0.10925925925925926
3 0.2375 0.4615740740740741 0.04791666666666666 0.10092592592592593
13 0.2942708333333333 0.45416666666666666 0.046875 0.09351851851851853
21 0.3533854166666667 0.45416666666666666 0.04114583333333333 0.10462962962962963
16 0.4083333333333333 0.44953703703703707 0.0375 0.10648148148148148
1 0.4609375 0.44351851851851853 0.041666666666666664 0.10925925925925926
15 0.5166666666666666 0.44074074074074077 0.042708333333333334 0.10740740740740741
0 0.5690104166666666 0.43703703703703706 0.04010416666666666 0.0925925925925926
0 0.7309895833333333 0.42638888888888893 0.043229166666666666 0.10462962962962963
23 0.6263020833333334 0.43472222222222223 0.04010416666666666 0.10277777777777779
20 0.6760416666666667 0.42824074074074076 0.042708333333333334 0.10092592592592593
22 0.7838541666666666 0.425462962962963 0.04895833333333333 0.11388888888888889
