3 0.8489583333333334 0.5796296296296296 0.03854166666666667 0.09074074074074075
1 0.7958333333333333 0.5717592592592593 0.03854166666666667 0.10277777777777779
13 0.7447916666666666 0.5671296296296297 0.04479166666666667 0.09166666666666667
13 0.6877604166666667 0.5615740740740741 0.04635416666666667 0.09351851851851853
4 0.6364583333333333 0.5569444444444445 0.036458333333333336 0.10277777777777779
12 0.58046875 0.5532407407407408 0.0421875 0.08611111111111111
33 0.5231770833333333 0.5518518518518519 0.0421875 0.07222222222222223
8 0.4669270833333333 0.5453703703703704 0.04010416666666666 0.11296296296296297
24 0.40963541666666664 0.5425925925925926 0.044270833333333336 0.11481481481481481
0 0.35052083333333334 0.537962962962963 0.046875 0.10555555555555556
26 0.28854166666666664 0.5337962962962963 0.05416666666666667 0.11944444444444445
19 0.228125 0.5277777777777778 0.027083333333333334 0.11296296296296297
3 0.16328125 0.525 0.0453125 0.11296296296296297
21 0.09713541666666667 0.513888888888889 0.05364583333333333 0.11666666666666667
