13 0.026041666666666668 0.41481481481481486 0.0375 0.1
29 0.07604166666666666 0.4203703703703704 0.03333333333333333 0.08148148148148149
6 0.12395833333333334 0.425 0.03125 0.12037037037037038
16 0.1734375 0.42314814814814816 0.036458333333333336 0.12407407407407407
32 0.228125 0.42962962962962964 0.041666666666666664 0.11111111111111112
10 0.28072916666666664 0.42685185185185187 0.030208333333333334 0.11296296296296297
14 0.3359375 0.42962962962962964 0.042708333333333334 0.11111111111111112
25 0.3932291666666667 0.4351851851851852 0.04479166666666667 0.12222222222222223
28 0.4505208333333333 0.4398148148148148 0.04479166666666667 0.10185185185185186
6 0.5125 0.4481481481481482 0.03958333333333333 0.12962962962962962
0 0.5723958333333333 0.4537037037037037 0.051041666666666666 0.12962962962962962
18 0.6432291666666666 0.45555555555555555 0.046875 0.12222222222222223
19 0.7119791666666666 0.45 0.034375 0.14074074074074075
8 0.7854166666666667 0.4638888888888889 0.052083333333333336 0.1425925925925926
