9 0.1578125 0.6875 0.030208333333333334 0.06759259259259259
14 0.19453125 0.6824074074074075 0.030729166666666665 0.1
10 0.23307291666666666 0.6722222222222223 0.0265625 0.0925925925925926
18 0.27369791666666665 0.663425925925926 0.033854166666666664 0.08611111111111111
8 0.315625 0.6532407407407408 0.026041666666666668 0.08981481481481482
11 0.3578125 0.6393518518518518 0.034375 0.09351851851851853
5 0.40078125 0.6273148148148149 0.03177083333333333 0.09907407407407408
20 0.4479166666666667 0.6171296296296297 0.035416666666666666 0.09537037037037037
26 0.49244791666666665 0.6041666666666667 0.043229166666666666 0.11944444444444445
28 0.5411458333333333 0.5976851851851852 0.036458333333333336 0.08611111111111111
2 0.59140625 0.5833333333333334 0.03697916666666667 0.11666666666666667
6 0.75625 0.5425925925925926 0.03854166666666667 0.12037037037037038
8 0.6989583333333333 0.5587962962962963 0.046875 0.11574074074074074
22 0.6427083333333333 0.5675925925925926 0.04583333333333333 0.10925925925925926
