9 0.15703125 0.48333333333333334 0.06302083333333333 0.09814814814814815
14 0.22734374999999998 0.4949074074074074 0.0515625 0.13796296296296298
10 0.2875 0.49212962962962964 0.04375 0.11388888888888889
18 0.3528645833333333 0.4986111111111111 0.050520833333333334 0.1175925925925926
8 0.40338541666666666 0.5111111111111112 0.0453125 0.1277777777777778
11 0.4552083333333333 0.513425925925926 0.040625 0.12314814814814816
5 0.50234375 0.5120370370370371 0.0328125 0.11851851851851852
20 0.5453125 0.5157407407407407 0.030208333333333334 0.11296296296296297
26 0.5861979166666667 0.5180555555555556 0.0359375 0.11203703703703705
28 0.6291666666666667 0.5166666666666667 0.03229166666666666 0.07962962962962963
2 0.6625 0.5240740740740741 0.028125 0.10185185185185186
6 0.7640625 0.5375 0.019791666666666666 0.09166666666666667
8 0.7317708333333334 0.5319444444444444 0.027083333333333334 0.10277777777777779
22 0.6958333333333333 0.5296296296296297 0.030208333333333334 0.10185185185185186
