9 0.16666666666666666 0.4217592592592593 0.06041666666666667 0.10462962962962963
30 0.23515624999999998 0.4166666666666667 0.044270833333333336 0.0962962962962963
23 0.29661458333333335 0.41574074074074074 0.0515625 0.12222222222222223
3 0.3575520833333333 0.4078703703703704 0.04114583333333333 0.11388888888888889
13 0.4122395833333333 0.40925925925925927 0.04114583333333333 0.09444444444444444
21 0.4674479166666667 0.4041666666666667 0.03697916666666667 0.11018518518518519
16 0.5171875 0.40185185185185185 0.03958333333333333 0.11296296296296297
1 0.5643229166666667 0.39861111111111114 0.03697916666666667 0.10648148148148148
15 0.61171875 0.39722222222222225 0.03697916666666667 0.11481481481481481
0 0.65234375 0.39722222222222225 0.034895833333333334 0.0925925925925926
0 0.7796875 0.3962962962962963 0.02395833333333333 0.09444444444444444
23 0.6971354166666667 0.39166666666666666 0.033854166666666664 0.09814814814814815
20 0.7364583333333333 0.3976851851851852 0.029166666666666667 0.09722222222222222
22 0.8156249999999999 0.39583333333333337 0.03229166666666666 0.09537037037037037
