19 0.06614583333333333 0.625925925925926 0.021875 0.11481481481481481
21 0.12135416666666667 0.6208333333333333 0.04479166666666667 0.11574074074074074
33 0.17552083333333332 0.6101851851851852 0.041666666666666664 0.07777777777777778
31 0.23203125 0.6064814814814815 0.04739583333333333 0.11481481481481481
31 0.5184895833333333 0.576388888888889 0.050520833333333334 0.12314814814814816
27 0.2872395833333333 0.6037037037037037 0.04635416666666667 0.1
27 0.40234375 0.5861111111111111 0.04635416666666667 0.1
27 0.63984375 0.5680555555555555 0.050520833333333334 0.10277777777777779
29 0.34401041666666665 0.5930555555555556 0.04010416666666666 0.08796296296296297
29 0.8338541666666667 0.549537037037037 0.04583333333333333 0.08796296296296297
23 0.46197916666666666 0.5782407407407407 0.05 0.11944444444444445
30 0.5776041666666667 0.5726851851851852 0.05 0.08425925925925926
28 0.7700520833333333 0.5620370370370371 0.049479166666666664 0.09814814814814815
4 0.7026041666666667 0.5643518518518519 0.046875 0.12314814814814816
