11 0.018229166666666668 0.44351851851851853 0.034375 0.11666666666666667
18 0.07239583333333333 0.44722222222222224 0.046875 0.11296296296296297
20 0.12760416666666666 0.45833333333333337 0.042708333333333334 0.10925925925925926
26 0.18541666666666667 0.4601851851851852 0.052083333333333336 0.11296296296296297
27 0.2421875 0.4740740740740741 0.04479166666666667 0.0925925925925926
1 0.29635416666666664 0.4759259259259259 0.036458333333333336 0.10740740740740741
31 0.353125 0.48333333333333334 0.04583333333333333 0.10740740740740741
15 0.40520833333333334 0.4842592592592593 0.04791666666666666 0.11296296296296297
19 0.4578125 0.49259259259259264 0.030208333333333334 0.10740740740740741
0 0.5098958333333333 0.4935185185185185 0.03229166666666666 0.10555555555555556
9 0.5619791666666667 0.4981481481481482 0.04479166666666667 0.07777777777777778
17 0.6130208333333333 0.500925925925926 0.046875 0.10185185185185186
30 0.6640625 0.5037037037037038 0.036458333333333336 0.06666666666666667
15 0.7145833333333333 0.5120370370370371 0.041666666666666664 0.10925925925925926
21 0.7635416666666667 0.5240740740740741 0.0375 0.10740740740740741
19 0.8125 0.5287037037037037 0.029166666666666667 0.09074074074074075
