9 0.06432291666666666 0.4930555555555556 0.049479166666666664 0.09907407407407408
14 0.12265625 0.49444444444444446 0.05364583333333333 0.10925925925925926
10 0.18229166666666666 0.4865740740740741 0.041666666666666664 0.10462962962962963
18 0.2375 0.48703703703703705 0.04479166666666667 0.10370370370370371
8 0.2942708333333333 0.4851851851851852 0.040625 0.11481481481481481
11 0.35078125 0.48750000000000004 0.04739583333333333 0.10462962962962963
5 0.40546875 0.47824074074074074 0.0390625 0.10462962962962963
20 0.45989583333333334 0.4763888888888889 0.040625 0.10833333333333334
26 0.5140625 0.4726851851851852 0.04375 0.11944444444444445
28 0.5708333333333333 0.4689814814814815 0.036458333333333336 0.08055555555555556
2 0.6255208333333333 0.4708333333333333 0.041666666666666664 0.10833333333333334
22 0.6796875 0.46944444444444444 0.041666666666666664 0.10555555555555556
8 0.7364583333333333 0.4689814814814815 0.03854166666666667 0.10277777777777779
6 0.78984375 0.4675925925925926 0.03697916666666667 0.10740740740740741
