24 0.2895833333333333 0.41574074074074074 0.05520833333333333 0.13518518518518519
9 0.34869791666666666 0.44212962962962965 0.0484375 0.09351851851851853
24 0.3989583333333333 0.4726851851851852 0.04583333333333333 0.12314814814814816
25 0.45078124999999997 0.49583333333333335 0.0421875 0.11203703703703705
16 0.49453125 0.5203703703703704 0.034895833333333334 0.1277777777777778
1 0.53828125 0.5347222222222222 0.034895833333333334 0.11018518518518519
1 0.6182291666666666 0.5745370370370371 0.027083333333333334 0.10092592592592593
17 0.5799479166666667 0.5513888888888889 0.0390625 0.10648148148148148
2 0.6880208333333333 0.6143518518518519 0.021875 0.10092592592592593
12 0.7197916666666666 0.6319444444444444 0.03125 0.08240740740740742
3 0.7526041666666666 0.6453703703703704 0.022916666666666665 0.0925925925925926
10 0.809375 0.674537037037037 0.019791666666666666 0.08981481481481482
