3 0.7911458333333333 0.5736111111111112 0.034375 0.10462962962962963
1 0.7346354166666667 0.5685185185185185 0.0390625 0.10185185185185186
13 0.6786458333333333 0.5666666666666667 0.046875 0.08888888888888889
13 0.61953125 0.5680555555555555 0.04739583333333333 0.09166666666666667
4 0.5643229166666667 0.5620370370370371 0.04114583333333333 0.10555555555555556
12 0.5078125 0.5657407407407408 0.04583333333333333 0.0962962962962963
33 0.45260416666666664 0.5675925925925926 0.04583333333333333 0.07592592592592592
8 0.39427083333333335 0.5648148148148149 0.04375 0.11481481481481481
24 0.3364583333333333 0.5625 0.04895833333333333 0.11018518518518519
0 0.27708333333333335 0.5648148148148149 0.04791666666666666 0.1
26 0.21536458333333333 0.5615740740740741 0.05364583333333333 0.11203703703703705
19 0.15651041666666665 0.5601851851851852 0.033854166666666664 0.10555555555555556
3 0.09609375 0.5611111111111111 0.0484375 0.10370370370370371
21 0.03567708333333333 0.5583333333333333 0.05572916666666666 0.10925925925925926
