5 0.10781637717121588 0.3615613628845518 0.06823821339950373 0.04961958319550116
2 0.1600496277915633 0.44690704598081377 0.06054590570719603 0.07211379424412835
26 0.2543424317617866 0.3519682434667549 0.0456575682382134 0.09328481640754219
7 0.20285359801488834 0.20840224942110488 0.04044665012406948 0.08600727753886868
9 0.2844913151364764 0.2586834270592127 0.04689826302729529 0.06086668871981476
19 0.3240694789081886 0.3820707906053589 0.034739454094292806 0.07476017201455508
23 0.2641439205955335 0.4781673833939795 0.071712158808933 0.08964604697320543
21 0.17679900744416874 0.5350645054581542 0.06923076923076923 0.08435329143235197
30 0.22866004962779157 0.5927886205755872 0.03746898263027295 0.05358914985114126
28 0.3018610421836228 0.6038703274892492 0.038461538461538464 0.06516705259675819
15 0.3816377171215881 0.44095269599735365 0.07047146401985112 0.0635130664902415
17 0.39925558312655085 0.5382070790605359 0.0575682382133995 0.085345683096262
22 0.40483870967741936 0.3561032087330467 0.044913151364764266 0.08898445253059875
29 0.36935483870967745 0.1728415481309957 0.03895781637717122 0.05325835262983791
3 0.40694789081885857 0.24727092292424746 0.04764267990074442 0.0836916969897453
9 0.4629032258064516 0.27753886867350314 0.04441687344913151 0.06086668871981476
9 0.5071960297766749 0.3446907045980814 0.04466501240694789 0.059543499834601395
10 0.46017369727047147 0.4794905722791929 0.04292803970223325 0.07839894144889184
10 0.16600496277915633 0.6688719814753556 0.06054590570719603 0.051604366523321205
11 0.521712158808933 0.7318888521336421 0.02803970223325062 0.09229242474363215
11 0.46712158808933 0.8149189546807807 0.06526054590570719 0.057227919285478004
12 0.4307692307692308 0.9225934502150183 0.05359801488833747 0.06946741647370162
12 0.5104218362282879 0.8944756864042342 0.05359801488833747 0.06748263314588158
14 0.3315136476426799 0.9077075752563679 0.06501240694789082 0.05822031094938803
15 0.4117866004962779 0.7320542507442938 0.06923076923076923 0.059543499834601395
33 0.4656327543424318 0.6604366523321205 0.041439205955334985 0.05656632484287132
28 0.3325062034739454 0.7401587826662257 0.05161290322580645 0.053919947072444595
2 0.2846153846153846 0.8195501157790275 0.06799007444168735 0.04465762487595105
23 0.2132754342431762 0.8311280185246445 0.04739454094292804 0.08964604697320543
24 0.2205955334987593 0.7358584187892823 0.07196029776674938 0.05987429705590473
20 0.39602977667493794 0.630003307972213 0.06153846153846154 0.05921270261329805
26 0.38511166253101736 0.8420443268276547 0.07593052109181142 0.07906053589149852
29 0.680893300248139 0.9080383724776713 0.04317617866004963 0.04895798875289448
31 0.7333746898263027 0.8129341713529606 0.06972704714640199 0.07509096923585842
13 0.6576923076923077 0.7454515382070791 0.057816377171215884 0.0724445914654317
26 0.6547146401985111 0.837909361561363 0.07568238213399504 0.0813761164406219
17 0.5856079404466501 0.7203109493880252 0.06153846153846154 0.08964604697320543
15 0.7274193548387097 0.7143565994045651 0.06873449131513648 0.07376778035064506
15 0.8088089330024814 0.7041018855441615 0.049875930521091814 0.09560039695666557
12 0.9228287841191067 0.6531591134634469 0.046153846153846156 0.07045980813761164
16 0.8869727047146402 0.5418458484948727 0.0424317617866005 0.09130003307972213
24 0.7596774193548387 0.8795898114455839 0.07121588089330025 0.0668210387032749
7 0.8222084367245658 0.8079722130334106 0.0662531017369727 0.05921270261329805
24 0.8831265508684863 0.7489249090307641 0.06650124069478908 0.0740985775719484
6 0.8405707196029777 0.6271915315911347 0.0672456575682382 0.05491233873635462
33 0.7693548387096775 0.6093284816407543 0.04094292803970223 0.05425074429374794
32 0.7642679900744417 0.5124048957988753 0.05161290322580645 0.04631161098246775
21 0.6181141439205955 0.6218987760502812 0.05508684863523573 0.08997684419450877
20 0.6780397022332506 0.527125372146874 0.060794044665012405 0.05524313595765796
28 0.5698511166253102 0.5583857095600397 0.04838709677419355 0.05094277208071452
3 0.6129032258064516 0.4905722791928548 0.0630272952853598 0.06152828316242144
1 0.6775434243176178 0.6341382732385048 0.04292803970223325 0.0813761164406219
21 0.7353598014888337 0.12934171352960636 0.04094292803970223 0.0893152497519021
14 0.6034739454094293 0.23817399933840558 0.04913151364764268 0.08269930532583526
32 0.602605459057072 0.35180284485610325 0.054838709677419356 0.04201124710552431
32 0.7803970223325062 0.4199470724445915 0.03325062034739454 0.06715183592457824
2 0.7116625310173698 0.35676480317565334 0.062034739454094295 0.06450545815415151
1 0.7607940446650124 0.3086338074760172 0.05955334987593052 0.0635130664902415
5 0.855210918114144 0.4583195501157791 0.06774193548387097 0.04928878597419782
33 0.6678660049627791 0.4394641085014886 0.041935483870967745 0.053919947072444595
6 0.5531017369727047 0.4247436321534899 0.062034739454094295 0.059543499834601395
16 0.8750620347394541 0.37760502811776386 0.06972704714640199 0.053919947072444595
18 0.6595533498759305 0.2740654978498181 0.046153846153846156 0.07310618590803837
17 0.8347394540942928 0.29143235196824346 0.055583126550868486 0.08005292755540853
