24 0.32147988505747127 0.07839439655172414 0.05962643678160919 0.06627155172413793
20 0.27316810344827586 0.33512931034482757 0.059985632183908046 0.04956896551724138
19 0.2578125 0.24124461206896552 0.04005028735632184 0.05899784482758621
18 0.15310704022988506 0.4705010775862069 0.037895114942528736 0.07408405172413793
18 0.4806932471264368 0.37136314655172414 0.052262931034482756 0.060614224137931036
25 0.2224317528735632 0.41204202586206895 0.05836925287356322 0.05630387931034483
25 0.5455280172413793 0.3112877155172414 0.06052442528735632 0.06923491379310345
31 0.3973599137931034 0.39924568965517243 0.05621408045977012 0.05495689655172414
23 0.24254669540229884 0.5339439655172413 0.055136494252873564 0.09321120689655173
21 0.47261135057471265 0.19194504310344826 0.05836925287356322 0.07785560344827586
10 0.3857758620689655 0.23208512931034483 0.05172413793103448 0.0390625
9 0.3920617816091954 0.3052262931034483 0.03987068965517241 0.05818965517241379
16 0.33063936781609193 0.29700969827586204 0.03879310344827586 0.08809267241379311
13 0.24883261494252873 0.12217133620689655 0.051544540229885055 0.06654094827586207
10 0.11386494252873564 0.3560075431034483 0.0305316091954023 0.0816271551724138
6 0.17429956896551724 0.3114224137931034 0.03538074712643678 0.08997844827586207
3 0.3036997126436782 0.1849407327586207 0.052801724137931036 0.06869612068965517
8 0.3693426724137931 0.14264547413793102 0.05836925287356322 0.05522629310344827
0 0.5145474137931034 0.12459590517241378 0.04489942528735632 0.07408405172413793
3 0.49182830459770116 0.2850215517241379 0.037895114942528736 0.08405172413793104
3 0.5308908045977011 0.4442349137931034 0.05064655172413793 0.07758620689655173
2 0.5867456896551724 0.5111799568965517 0.05459770114942529 0.05522629310344827
8 0.36431393678160917 0.5594019396551724 0.04076867816091954 0.08270474137931035
8 0.20923132183908047 0.19598599137931033 0.048850574712643674 0.0746228448275862
14 0.3261494252873563 0.39520474137931033 0.05747126436781609 0.0668103448275862
14 0.30801005747126436 0.5029633620689655 0.057830459770114945 0.07165948275862069
13 0.5570222701149425 0.19773706896551724 0.0490301724137931 0.06734913793103448
22 0.13263290229885058 0.6157058189655172 0.05190373563218391 0.09240301724137931
21 0.19010416666666666 0.6138200431034483 0.052262931034482756 0.09240301724137931
11 0.18588362068965517 0.7257543103448276 0.035919540229885055 0.08997844827586207
4 0.23536278735632182 0.7490571120689655 0.03502155172413793 0.08863146551724138
6 0.2854705459770115 0.7463631465517241 0.03753591954022988 0.09078663793103448
6 0.28089080459770116 0.8596443965517241 0.059267241379310345 0.06842672413793104
7 0.33988864942528735 0.9284752155172413 0.04076867816091954 0.09348060344827586
1 0.40508261494252873 0.8005118534482758 0.046515804597701146 0.07408405172413793
29 0.48760775862068967 0.7619881465517241 0.035201149425287355 0.060614224137931036
20 0.33719468390804597 0.783405172413793 0.03969109195402299 0.08512931034482758
19 0.5754310344827586 0.8170797413793104 0.035919540229885055 0.08135775862068965
14 0.37751436781609193 0.6650053879310345 0.03879310344827586 0.08701508620689655
2 0.3125 0.654229525862069 0.057830459770114945 0.05307112068965517
15 0.500628591954023 0.6138200431034483 0.04076867816091954 0.08863146551724138
16 0.43354885057471265 0.7007004310344828 0.04525862068965517 0.09482758620689655
12 0.5581896551724138 0.6508620689655172 0.040948275862068964 0.07219827586206896
30 0.6261673850574713 0.8865840517241379 0.036458333333333336 0.05765086206896552
32 0.6416127873563219 0.7435344827586207 0.037176724137931036 0.07165948275862069
32 0.7457794540229885 0.5079471982758621 0.0461566091954023 0.050915948275862065
29 0.8001975574712643 0.5758351293103449 0.031070402298850573 0.0568426724137931
33 0.7951688218390804 0.7478448275862069 0.036458333333333336 0.06303879310344827
18 0.7484734195402298 0.8473868534482758 0.058728448275862065 0.06492456896551724
26 0.6631645114942528 0.5060614224137931 0.06698994252873564 0.07785560344827586
20 0.7244971264367815 0.5767780172413793 0.054238505747126436 0.061422413793103446
12 0.6053340517241379 0.5796066810344828 0.048670977011494254 0.060614224137931036
13 0.7235093390804598 0.736530172413793 0.05549568965517241 0.07489224137931035
5 0.6224856321839081 0.6544989224137931 0.059267241379310345 0.06384698275862069
4 0.6967492816091954 0.6422413793103449 0.05765086206896552 0.061422413793103446
4 0.6126975574712643 0.33337823275862066 0.056573275862068964 0.057920258620689655
7 0.7851113505747126 0.4245689655172414 0.05477729885057471 0.05818965517241379
19 0.6834590517241379 0.3706896551724138 0.058010057471264365 0.030172413793103446
20 0.7426364942528736 0.3515625 0.035919540229885055 0.08081896551724138
24 0.7974137931034483 0.3168103448275862 0.05890804597701149 0.05711206896551724
16 0.7502693965517241 0.2179418103448276 0.037176724137931036 0.08674568965517242
11 0.7010596264367815 0.20474137931034483 0.04328304597701149 0.08028017241379311
14 0.6126975574712643 0.16648706896551724 0.050107758620689655 0.08459051724137931
27 0.6510416666666666 0.2574084051724138 0.04202586206896552 0.06438577586206896
