4 0.2687679597701149 0.17901400862068964 0.046875 0.06977370689655173
3 0.31860632183908044 0.22023168103448276 0.048132183908045974 0.06438577586206896
6 0.4588721264367816 0.30226293103448276 0.04058908045977012 0.06788793103448276
6 0.5677083333333334 0.3892780172413793 0.05100574712643678 0.05334051724137931
8 0.48976293103448276 0.5809536637931034 0.03915229885057471 0.07246767241379311
29 0.2172234195402299 0.2567349137931034 0.028915229885057472 0.04741379310344827
31 0.42995689655172414 0.1844019396551724 0.054238505747126436 0.07139008620689655
30 0.5009877873563219 0.17591594827586207 0.029274425287356323 0.04633620689655173
27 0.5694145114942528 0.20703125 0.03753591954022988 0.055765086206896554
32 0.21390086206896552 0.4644396551724138 0.02622126436781609 0.06303879310344827
32 0.5229885057471264 0.43682650862068967 0.03843390804597701 0.04552801724137931
28 0.569683908045977 0.4799299568965517 0.033045977011494254 0.0546875
16 0.4040948275862069 0.3003771551724138 0.04418103448275862 0.07974137931034482
11 0.4370510057471264 0.41487068965517243 0.0461566091954023 0.061422413793103446
14 0.4552801724137931 0.5009428879310345 0.04418103448275862 0.07677801724137931
13 0.4077765804597701 0.548760775862069 0.0461566091954023 0.0668103448275862
16 0.31276939655172414 0.5402747844827586 0.04184626436781609 0.0859375
16 0.2564655172413793 0.5230334051724138 0.03627873563218391 0.08432112068965517
18 0.2990301724137931 0.2886584051724138 0.040229885057471264 0.05845905172413793
24 0.24344468390804597 0.3259698275862069 0.052981321839080456 0.06842672413793104
20 0.3345905172413793 0.4112338362068965 0.03556034482758621 0.0703125
18 0.1817528735632184 0.5394665948275862 0.04669540229885057 0.05845905172413793
26 0.505926724137931 0.2556573275862069 0.05818965517241379 0.06627155172413793
22 0.5317887931034483 0.3147898706896552 0.052801724137931036 0.05899784482758621
0 0.14834770114942528 0.6165140086206896 0.048850574712643674 0.057920258620689655
7 0.15149066091954022 0.873248922413793 0.032507183908045974 0.08216594827586207
9 0.20968031609195403 0.7572737068965517 0.04112787356321839 0.05387931034482758
18 0.18238146551724138 0.6861530172413793 0.03466235632183908 0.06734913793103448
24 0.22252155172413793 0.6328125 0.041666666666666664 0.08728448275862069
10 0.26311063218390807 0.6997575431034483 0.04561781609195402 0.05037715517241379
14 0.2854705459770115 0.6135506465517241 0.05190373563218391 0.057920258620689655
11 0.36916307471264365 0.6380657327586207 0.03573994252873563 0.07785560344827586
13 0.4844647988505747 0.6791487068965517 0.04723419540229885 0.06734913793103448
31 0.28780531609195403 0.7605064655172413 0.057291666666666664 0.07543103448275862
30 0.3301903735632184 0.7016433189655172 0.03430316091954023 0.0525323275862069
33 0.28367456896551724 0.8974946120689655 0.03430316091954023 0.0546875
9 0.3459949712643678 0.9030172413793104 0.037895114942528736 0.058728448275862065
0 0.43309985632183906 0.8506196120689655 0.051544540229885055 0.0546875
3 0.4950610632183908 0.8386314655172413 0.02783764367816092 0.07758620689655173
15 0.4125359195402299 0.9400592672413793 0.04777298850574713 0.07623922413793104
21 0.3793103448275862 0.7863685344827586 0.05244252873563218 0.08081896551724138
26 0.4077765804597701 0.6981411637931034 0.05477729885057471 0.09132543103448276
27 0.6047054597701149 0.9206627155172413 0.04489942528735632 0.06115301724137931
30 0.537805316091954 0.759832974137931 0.03430316091954023 0.048760775862068964
9 0.6430495689655172 0.6037176724137931 0.037895114942528736 0.05387931034482758
10 0.7113864942528736 0.5581896551724138 0.04346264367816092 0.058728448275862065
12 0.6689116379310345 0.7894665948275862 0.04256465517241379 0.0525323275862069
14 0.6821120689655172 0.8782327586206896 0.03484195402298851 0.08135775862068965
21 0.5757004310344828 0.6520743534482758 0.05765086206896552 0.06492456896551724
19 0.595635775862069 0.5598060344827586 0.04076867816091954 0.06088362068965517
15 0.6571479885057471 0.7028556034482758 0.05495689655172414 0.06896551724137931
5 0.6997126436781609 0.6325431034482758 0.048850574712643674 0.0668103448275862
3 0.7621228448275862 0.6765894396551724 0.05190373563218391 0.057920258620689655
17 0.64996408045977 0.5161637931034483 0.04992816091954023 0.06627155172413793
11 0.623114224137931 0.43211206896551724 0.055136494252873564 0.03286637931034483
14 0.6865122126436781 0.2800377155172414 0.051544540229885055 0.06330818965517242
22 0.6294001436781609 0.1646012931034483 0.05262212643678161 0.05495689655172414
5 0.6752873563218391 0.21201508620689655 0.04992816091954023 0.05980603448275862
6 0.7408405172413793 0.2478448275862069 0.03843390804597701 0.0668103448275862
7 0.6252693965517241 0.2567349137931034 0.030352011494252873 0.07435344827586207
29 0.5991379310344828 0.3375538793103448 0.0334051724137931 0.04633620689655173
33 0.6483477011494253 0.3661099137931034 0.035919540229885055 0.05387931034482758
33 0.7117456896551724 0.37136314655172414 0.03627873563218391 0.051454741379310345
20 0.6853448275862069 0.43776939655172414 0.04992816091954023 0.05711206896551724
23 0.37832255747126436 0.22117456896551724 0.047952586206896554 0.08028017241379311
