5 0.09499007936507936 0.1919642857142857 0.06894841269841269 0.06117724867724868
4 0.09908234126984126 0.2738095238095238 0.06671626984126984 0.05886243386243386
6 0.18080357142857142 0.17080026455026454 0.06597222222222222 0.05324074074074074
8 0.23549107142857142 0.49107142857142855 0.06125992063492063 0.05489417989417989
2 0.2728174603174603 0.3740079365079365 0.053075396825396824 0.08531746031746032
22 0.1892361111111111 0.4194775132275132 0.06597222222222222 0.05324074074074074
24 0.29389880952380953 0.2533068783068783 0.05555555555555555 0.09523809523809523
19 0.30691964285714285 0.4831349206349206 0.02802579365079365 0.08267195767195767
25 0.40426587301587297 0.24636243386243384 0.07043650793650794 0.08928571428571427
10 0.11123511904761904 0.3644179894179894 0.03645833333333333 0.082010582010582
32 0.1827876984126984 0.25925925925925924 0.05654761904761904 0.0496031746031746
17 0.1987847222222222 0.3386243386243386 0.06374007936507936 0.07208994708994709
12 0.384796626984127 0.48495370370370366 0.054811507936507936 0.06514550264550265
12 0.35044642857142855 0.32936507936507936 0.05406746031746031 0.06812169312169311
14 0.4308035714285714 0.3369708994708995 0.05654761904761904 0.08928571428571427
31 0.3645833333333333 0.4105489417989418 0.06944444444444445 0.07837301587301587
33 0.18353174603174602 0.6213624338624338 0.049107142857142856 0.0582010582010582
33 0.39558531746031744 0.5968915343915343 0.04216269841269841 0.0582010582010582
32 0.31374007936507936 0.7394179894179894 0.0560515873015873 0.04894179894179894
32 0.18700396825396826 0.7247023809523809 0.03521825396825397 0.06977513227513227
12 0.125 0.7399140211640212 0.0367063492063492 0.08432539682539682
13 0.3927331349206349 0.716765873015873 0.06374007936507936 0.048611111111111105
15 0.32440476190476186 0.658234126984127 0.07093253968253968 0.07043650793650794
28 0.30319940476190477 0.8154761904761905 0.04836309523809523 0.0582010582010582
15 0.3881448412698412 0.8042328042328042 0.06894841269841269 0.046296296296296294
17 0.1923363095238095 0.8169642857142857 0.0642361111111111 0.07506613756613756
14 0.24541170634920634 0.7333002645502645 0.04241071428571428 0.08366402116402116
13 0.25768849206349204 0.6207010582010581 0.05208333333333333 0.07738095238095238
15 0.4697420634920635 0.7045304232804233 0.06646825396825397 0.06051587301587301
21 0.46602182539682535 0.5892857142857143 0.06845238095238095 0.0701058201058201
9 0.8151041666666666 0.7359457671957672 0.04836309523809523 0.0625
10 0.681423611111111 0.6645171957671957 0.044890873015873016 0.0744047619047619
11 0.8452380952380952 0.42526455026455023 0.034722222222222224 0.09193121693121692
12 0.8797123015873015 0.6641865079365079 0.0560515873015873 0.07043650793650794
14 0.738219246031746 0.7625661375661376 0.06473214285714285 0.06349206349206349
14 0.6206597222222222 0.7389219576719577 0.05282738095238095 0.08630952380952381
15 0.5607638888888888 0.6828703703703703 0.05406746031746031 0.09391534391534391
16 0.6319444444444444 0.6197089947089947 0.05803571428571428 0.09259259259259259
2 0.8015873015873015 0.8406084656084656 0.06448412698412698 0.05489417989417989
3 0.7111855158730158 0.8389550264550264 0.06274801587301587 0.05291005291005291
5 0.5881696428571428 0.4669312169312169 0.05927579365079365 0.07870370370370369
7 0.6417410714285714 0.42212301587301587 0.05679563492063492 0.07705026455026455
30 0.8051835317460317 0.6031746031746031 0.041914682539682536 0.05489417989417989
19 0.7309027777777778 0.5834986772486772 0.043154761904761904 0.07506613756613756
23 0.568328373015873 0.5654761904761905 0.06671626984126984 0.09391534391534391
26 0.6651785714285714 0.539021164021164 0.07638888888888888 0.08267195767195767
21 0.7845982142857142 0.49222883597883593 0.07217261904761904 0.07837301587301587
24 0.853422619047619 0.5406746031746031 0.06944444444444445 0.07208994708994709
24 0.7646329365079365 0.6638558201058201 0.0560515873015873 0.08697089947089946
27 0.5069444444444444 0.2576058201058201 0.054563492063492064 0.06018518518518518
29 0.5727926587301587 0.13971560846560846 0.034970238095238096 0.06117724867724868
29 0.697172619047619 0.3829365079365079 0.03968253968253968 0.056216931216931214
33 0.691220238095238 0.24834656084656084 0.04365079365079365 0.057539682539682536
31 0.7462797619047619 0.31630291005291006 0.07043650793650794 0.09027777777777778
20 0.6321924603174602 0.3134920634920635 0.04216269841269841 0.08465608465608465
18 0.5548115079365079 0.32506613756613756 0.05803571428571428 0.05423280423280423
18 0.722594246031746 0.13740079365079363 0.048859126984126984 0.07837301587301587
3 0.6465773809523809 0.17328042328042326 0.0496031746031746 0.08465608465608465
7 0.7822420634920635 0.3771494708994709 0.05208333333333333 0.07308201058201058
13 0.8442460317460317 0.2924933862433862 0.060019841269841265 0.07572751322751323
23 0.7873263888888888 0.20998677248677247 0.05679563492063492 0.09656084656084656
16 0.5868055555555555 0.2309854497354497 0.07242063492063491 0.06977513227513227
13 0.2802579365079365 0.1618716931216931 0.060019841269841265 0.0777116402116402
11 0.35379464285714285 0.19378306878306878 0.04241071428571428 0.09060846560846561
