29 0.1796875 0.1412037037037037 0.03645833333333333 0.05555555555555555
31 0.390625 0.27314814814814814 0.041666666666666664 0.07870370370370369
31 0.5199652777777778 0.3645833333333333 0.06076388888888889 0.08101851851851852
24 0.1328125 0.30787037037037035 0.0642361111111111 0.07407407407407407
26 0.203125 0.28125 0.06597222222222222 0.09027777777777778
25 0.1284722222222222 0.4039351851851852 0.04513888888888889 0.07638888888888888
0 0.18402777777777776 0.38657407407407407 0.034722222222222224 0.07407407407407407
1 0.2986111111111111 0.3032407407407407 0.05208333333333333 0.06481481481481481
7 0.3532986111111111 0.35995370370370366 0.043402777777777776 0.07175925925925926
6 0.3862847222222222 0.4351851851851852 0.03993055555555555 0.06944444444444445
2 0.4913194444444444 0.4583333333333333 0.034722222222222224 0.07407407407407407
1 0.24479166666666666 0.15162037037037035 0.059027777777777776 0.05324074074074074
3 0.2569444444444444 0.23379629629629628 0.05208333333333333 0.06481481481481481
2 0.517361111111111 0.2638888888888889 0.048611111111111105 0.06944444444444445
16 0.4019097222222222 0.1597222222222222 0.03993055555555555 0.08333333333333333
14 0.3107638888888889 0.10763888888888888 0.059027777777777776 0.06712962962962962
14 0.328125 0.21064814814814814 0.041666666666666664 0.07870370370370369
14 0.4626736111111111 0.2175925925925926 0.05381944444444444 0.07870370370370369
17 0.5555555555555556 0.22453703703703703 0.0625 0.08333333333333333
11 0.3029513888888889 0.42592592592592593 0.06076388888888889 0.06018518518518518
13 0.23524305555555555 0.38078703703703703 0.03993055555555555 0.06712962962962962
15 0.24652777777777776 0.4930555555555555 0.05555555555555555 0.06481481481481481
33 0.5217013888888888 0.1412037037037037 0.03993055555555555 0.05555555555555555
32 0.5850694444444444 0.4282407407407407 0.04513888888888889 0.041666666666666664
8 0.07725694444444443 0.7141203703703703 0.05034722222222222 0.07638888888888888
8 0.11371527777777778 0.6354166666666666 0.05381944444444444 0.07638888888888888
30 0.18229166666666666 0.5983796296296297 0.03819444444444444 0.05324074074074074
31 0.1831597222222222 0.7881944444444444 0.05381944444444444 0.08564814814814814
27 0.24305555555555555 0.8472222222222222 0.048611111111111105 0.06018518518518518
24 0.1579861111111111 0.7060185185185185 0.05208333333333333 0.08333333333333333
4 0.2543402777777778 0.7210648148148148 0.06076388888888889 0.048611111111111105
26 0.3098958333333333 0.7858796296296295 0.0642361111111111 0.057870370370370364
10 0.37934027777777773 0.8356481481481481 0.046875 0.06481481481481481
32 0.3142361111111111 0.704861111111111 0.034722222222222224 0.06712962962962962
32 0.2699652777777778 0.6006944444444444 0.03645833333333333 0.06712962962962962
29 0.3420138888888889 0.5335648148148148 0.034722222222222224 0.048611111111111105
23 0.4079861111111111 0.5555555555555556 0.0625 0.05555555555555555
9 0.4696180555555555 0.5578703703703703 0.03993055555555555 0.06018518518518518
9 0.5850694444444444 0.6435185185185185 0.041666666666666664 0.06018518518518518
18 0.5069444444444444 0.673611111111111 0.04513888888888889 0.06481481481481481
16 0.5894097222222222 0.5451388888888888 0.05034722222222222 0.08101851851851852
19 0.5859375 0.7928240740740741 0.029513888888888888 0.07638888888888888
22 0.5104166666666666 0.7766203703703703 0.05555555555555555 0.08564814814814814
22 0.38888888888888884 0.6770833333333333 0.05208333333333333 0.08564814814814814
18 0.3420138888888889 0.6215277777777778 0.05555555555555555 0.0625
3 0.6675347222222222 0.818287037037037 0.057291666666666664 0.05324074074074074
7 0.8324652777777777 0.7638888888888888 0.05034722222222222 0.06018518518518518
12 0.8385416666666666 0.6458333333333333 0.04513888888888889 0.06018518518518518
28 0.7560763888888888 0.6655092592592592 0.03645833333333333 0.0625
9 0.6458333333333333 0.7002314814814814 0.041666666666666664 0.057870370370370364
21 0.7291666666666666 0.7592592592592592 0.059027777777777776 0.046296296296296294
24 0.704861111111111 0.6180555555555555 0.05555555555555555 0.07407407407407407
13 0.7317708333333333 0.5567129629629629 0.05034722222222222 0.07175925925925926
33 0.8072916666666666 0.5474537037037037 0.041666666666666664 0.057870370370370364
0 0.6484375 0.5405092592592592 0.03645833333333333 0.07638888888888888
4 0.6883680555555555 0.43402777777777773 0.06076388888888889 0.04398148148148148
28 0.6050347222222222 0.16782407407407407 0.046875 0.048611111111111105
0 0.6848958333333333 0.17708333333333331 0.05381944444444444 0.048611111111111105
17 0.7690972222222222 0.26157407407407407 0.03819444444444444 0.07870370370370369
26 0.75 0.1585648148148148 0.048611111111111105 0.08564814814814814
17 0.703125 0.26157407407407407 0.059027777777777776 0.07870370370370369
25 0.7039930555555555 0.36342592592592593 0.06076388888888889 0.06481481481481481
20 0.6302083333333333 0.2777777777777778 0.048611111111111105 0.07407407407407407
18 0.5963541666666666 0.35532407407407407 0.05034722222222222 0.05324074074074074
