3 0.40598060344827586 0.12257543103448276 0.0497485632183908 0.06734913793103448
1 0.2676005747126437 0.16433189655172414 0.048850574712643674 0.059267241379310345
1 0.2351831896551724 0.22710129310344826 0.04040948275862069 0.06842672413793104
8 0.33638649425287354 0.15220905172413793 0.04705459770114943 0.059267241379310345
8 0.23374640804597702 0.35789331896551724 0.0490301724137931 0.05953663793103448
6 0.319683908045977 0.32112068965517243 0.05100574712643678 0.05334051724137931
1 0.40167025862068967 0.3314924568965517 0.050107758620689655 0.060614224137931036
0 0.5502873563218391 0.3694773706896552 0.032327586206896554 0.07408405172413793
0 0.5647449712643678 0.19625538793103448 0.04148706896551724 0.0703125
7 0.6077586206896551 0.1478987068965517 0.03556034482758621 0.07058189655172414
23 0.42438936781609193 0.21053340517241378 0.035919540229885055 0.07354525862068965
25 0.30908764367816094 0.23275862068965517 0.05675287356321839 0.08081896551724138
21 0.274066091954023 0.4050377155172414 0.05136494252873563 0.0816271551724138
24 0.34985632183908044 0.3732489224137931 0.05747126436781609 0.060614224137931036
15 0.3890086206896552 0.42429956896551724 0.04777298850574713 0.08351293103448276
13 0.40337643678160917 0.5099676724137931 0.04777298850574713 0.07219827586206896
11 0.4427083333333333 0.5525323275862069 0.029454022988505746 0.08890086206896551
11 0.6259877873563219 0.5849946120689655 0.051544540229885055 0.0568426724137931
9 0.5906070402298851 0.4717133620689655 0.037895114942528736 0.05711206896551724
9 0.6463721264367815 0.29822198275862066 0.036637931034482756 0.05387931034482758
16 0.6579561781609196 0.37688577586206895 0.05836925287356322 0.06303879310344827
16 0.23976293103448276 0.5933459051724138 0.05711206896551724 0.07947198275862069
10 0.31025502873563215 0.6193426724137931 0.044360632183908046 0.059267241379310345
9 0.49146910919540227 0.5952316810344828 0.037895114942528736 0.05630387931034483
5 0.7008800287356322 0.4469288793103448 0.030711206896551723 0.08189655172413793
2 0.6917205459770115 0.6027747844827586 0.05477729885057471 0.042295258620689655
17 0.3655711206896552 0.20204741379310345 0.058010057471264365 0.078125
15 0.3755387931034483 0.2764008620689655 0.04777298850574713 0.07165948275862069
16 0.5060165229885057 0.20474137931034483 0.05549568965517241 0.06196120689655173
33 0.5386135057471264 0.27491918103448276 0.035919540229885055 0.05899784482758621
29 0.5992277298850575 0.3783674568965517 0.03466235632183908 0.051454741379310345
30 0.49622844827586204 0.3811961206896552 0.03915229885057471 0.04956896551724138
24 0.5418462643678161 0.46282327586206895 0.035919540229885055 0.08459051724137931
22 0.563128591954023 0.5541487068965517 0.05477729885057471 0.050107758620689655
26 0.6451149425287356 0.4618803879310345 0.05711206896551724 0.05199353448275862
4 0.26589439655172414 0.5299030172413793 0.0490301724137931 0.06896551724137931
28 0.32228807471264365 0.4620150862068965 0.04005028735632184 0.04849137931034483
30 0.33414152298850575 0.5317887931034483 0.04256465517241379 0.05064655172413793
31 0.4842852011494253 0.3045528017241379 0.03753591954022988 0.07893318965517242
19 0.591864224137931 0.28044181034482757 0.03142959770114943 0.07704741379310345
25 0.6351472701149425 0.21942349137931033 0.055854885057471264 0.06438577586206896
18 0.6869612068965517 0.5299030172413793 0.04777298850574713 0.06303879310344827
18 0.2038433908045977 0.7095905172413793 0.041666666666666664 0.06734913793103448
20 0.24757543103448276 0.7644127155172413 0.04400143678160919 0.07300646551724138
20 0.28205818965517243 0.6814385775862069 0.048670977011494254 0.06492456896551724
12 0.2667025862068966 0.8603178879310345 0.041666666666666664 0.0746228448275862
32 0.311871408045977 0.7928340517241379 0.03538074712643678 0.0625
10 0.3485991379310345 0.689385775862069 0.04382183908045977 0.06357758620689655
14 0.38397988505747127 0.7570043103448276 0.05064655172413793 0.07650862068965517
11 0.5633081896551724 0.7405711206896551 0.03214798850574713 0.08997844827586207
17 0.6904633620689655 0.6765894396551724 0.0497485632183908 0.06384698275862069
2 0.4198994252873563 0.8425377155172413 0.03915229885057471 0.08701508620689655
7 0.35964439655172414 0.8795797413793104 0.03969109195402299 0.08512931034482758
7 0.5329561781609196 0.8492726293103449 0.0490301724137931 0.06492456896551724
6 0.5941091954022989 0.81640625 0.05136494252873563 0.07408405172413793
3 0.6708872126436781 0.8428071120689655 0.05549568965517241 0.06654094827586207
3 0.6839978448275862 0.767510775862069 0.05549568965517241 0.05818965517241379
8 0.6245510057471264 0.71484375 0.050107758620689655 0.06815732758620689
28 0.5759698275862069 0.6423760775862069 0.03699712643678161 0.05630387931034483
32 0.5283764367816092 0.6759159482758621 0.041666666666666664 0.05495689655172414
4 0.391253591954023 0.6325431034482758 0.051544540229885055 0.07596982758620689
0 0.43633261494252873 0.701104525862069 0.050107758620689655 0.05630387931034483
26 0.7167744252873564 0.35479525862068967 0.03807471264367816 0.08135775862068965
