29 0.2315136476426799 0.3059874297055905 0.04466501240694789 0.05358914985114126
29 0.29950372208436726 0.13314588157459478 0.036228287841191066 0.05259675818723123
30 0.25707196029776674 0.4216010585511082 0.0401985111662531 0.05325835262983791
30 0.3347394540942928 0.22295732715845187 0.0401985111662531 0.05755871650678135
32 0.22704714640198512 0.10453192193185577 0.04714640198511166 0.0555739331789613
31 0.3791563275434243 0.2942441283493219 0.05607940446650124 0.09229242474363215
31 0.3421836228287841 0.552762156797883 0.06997518610421836 0.07145219980152168
32 0.17208436724565757 0.4521998015216672 0.05732009925558312 0.04961958319550116
10 0.2655086848635236 0.22825008269930533 0.04317617866004963 0.07674495534237513
13 0.07518610421836228 0.32798544492226267 0.04665012406947891 0.07839894144889184
12 0.18449131513647643 0.36751571286801193 0.05732009925558312 0.06946741647370162
20 0.31141439205955335 0.3192193185577241 0.04367245657568238 0.08269930532583526
21 0.16786600496277915 0.24942110486271918 0.07220843672456576 0.0774065497849818
17 0.2032258064516129 0.185246443929871 0.07245657568238213 0.09063843863711546
17 0.3574441687344913 0.38769434336751574 0.0672456575682382 0.08600727753886868
17 0.42084367245657567 0.4201124710552432 0.06153846153846154 0.09857757194839564
8 0.43858560794044665 0.30218326166060205 0.041935483870967745 0.09030764141581211
9 0.3718362282878412 0.11660602050942773 0.04689826302729529 0.06252067482633146
31 0.21811414392059553 0.7112140258021833 0.05806451612903226 0.09196162752232882
27 0.1610421836228288 0.6741647370162092 0.04813895781637717 0.07012901091630831
27 0.2859801488833747 0.6341382732385048 0.05037220843672457 0.07079060535891499
30 0.22630272952853597 0.6032087330466425 0.0456575682382134 0.05259675818723123
28 0.27431761786600495 0.7456169368177308 0.041439205955334985 0.06880582203109495
0 0.2727047146401985 0.8618921601058551 0.04466501240694789 0.07839894144889184
0 0.3588089330024814 0.6680449884220973 0.06401985111662531 0.05987429705590473
2 0.12878411910669976 0.5889844525305988 0.05806451612903226 0.08104531921931857
3 0.34875930521091814 0.752563678465101 0.0672456575682382 0.05491233873635462
9 0.08995037220843673 0.6880582203109494 0.04689826302729529 0.06152828316242144
18 0.34962779156327545 0.8483294740324182 0.0456575682382134 0.07773734700628515
25 0.12667493796526055 0.782666225603705 0.07270471464019851 0.07277538868673504
25 0.19813895781637716 0.8155805491233874 0.05086848635235732 0.09956996361230566
7 0.4230769230769231 0.5962619913992723 0.05161290322580645 0.06781343036718492
17 0.4316377171215881 0.7480979159775059 0.07121588089330025 0.0684750248097916
4 0.5167493796526055 0.5645054581541515 0.0672456575682382 0.06384386371154482
24 0.5032258064516129 0.6885544161429045 0.04962779156327543 0.09361561362884552
15 0.5503722084367245 0.8425405226596098 0.07047146401985112 0.07476017201455508
14 0.6074441687344914 0.78217002977175 0.06352357320099256 0.05656632484287132
11 0.5786600496277916 0.6819384717168376 0.042679900744416875 0.08766126364538539
10 0.7421836228287841 0.672676149520344 0.04813895781637717 0.07575256367846511
2 0.6935483870967742 0.7403241812768773 0.06054590570719603 0.07012901091630831
6 0.6544665012406948 0.680284485610321 0.05682382133995037 0.06913661925239828
4 0.6740694789081886 0.5775719483956335 0.0672456575682382 0.04763479986768111
3 0.7498759305210918 0.5484617929209396 0.03523573200992556 0.085345683096262
28 0.6069478908188586 0.5719483956334768 0.03523573200992556 0.06218987760502812
27 0.5903225806451613 0.47651339728746284 0.05310173697270471 0.05855110817069137
28 0.8307692307692308 0.739000992391664 0.03573200992555831 0.052265960965927886
21 0.8222084367245658 0.6424082037710883 0.06426799007444169 0.0555739331789613
26 0.7689826302729529 0.8389017532252729 0.04714640198511166 0.099900760833609
12 0.8258064516129032 0.5511081706913662 0.039205955334987594 0.07872973867019517
1 0.5196029776674937 0.4120079391333113 0.03771712158808933 0.08104531921931857
12 0.7193548387096774 0.32682765464770097 0.052109181141439205 0.056235527621567985
16 0.6834987593052109 0.21038703274892492 0.06923076923076923 0.05292755540853457
16 0.5202233250620347 0.2947403241812769 0.05583126550868486 0.09460800529275555
33 0.58287841191067 0.3594111809460801 0.04714640198511166 0.05921270261329805
19 0.6497518610421836 0.3390671518359246 0.024069478908188585 0.08799206086668873
18 0.7537220843672456 0.10320873304664241 0.060794044665012405 0.05491233873635462
21 0.751985111662531 0.19550115779027458 0.03945409429280397 0.0893152497519021
24 0.6831265508684864 0.12123718160767451 0.04367245657568238 0.0982467747270923
24 0.6129032258064516 0.09890836916969899 0.06898263027295286 0.06549784981806153
4 0.5153846153846153 0.14108501488587497 0.05806451612903226 0.07509096923585842
1 0.560545905707196 0.1903738008600728 0.0575682382133995 0.0724445914654317
8 0.6665012406947891 0.4495534237512405 0.0401985111662531 0.09328481640754219
23 0.7614143920595533 0.44789943764472384 0.06873449131513648 0.07012901091630831
13 0.604590570719603 0.25818723122725773 0.05880893300248139 0.07045980813761164
