21 0.16666666666666666 0.38541666666666663 0.048611111111111105 0.07175925925925926
22 0.2222222222222222 0.33217592592592593 0.05555555555555555 0.07175925925925926
23 0.5260416666666666 0.17592592592592593 0.05208333333333333 0.07407407407407407
23 0.6006944444444444 0.30671296296296297 0.048611111111111105 0.07175925925925926
4 0.265625 0.6087962962962963 0.05208333333333333 0.05555555555555555
7 0.16232638888888887 0.6168981481481481 0.03993055555555555 0.07175925925925926
4 0.2951388888888889 0.4872685185185185 0.048611111111111105 0.0625
6 0.2612847222222222 0.40856481481481477 0.05034722222222222 0.057870370370370364
6 0.1987847222222222 0.4386574074074074 0.043402777777777776 0.06712962962962962
5 0.3263888888888889 0.23726851851851852 0.048611111111111105 0.05324074074074074
4 0.18836805555555555 0.2881944444444444 0.046875 0.0625
3 0.45746527777777773 0.33796296296296297 0.03645833333333333 0.06481481481481481
1 0.39322916666666663 0.2048611111111111 0.043402777777777776 0.0625
8 0.59375 0.44907407407407407 0.05208333333333333 0.05092592592592592
0 0.6223958333333333 0.5694444444444444 0.029513888888888888 0.06481481481481481
30 0.3064236111111111 0.3414351851851852 0.03298611111111111 0.048611111111111105
27 0.3654513888888889 0.3344907407407407 0.03993055555555555 0.048611111111111105
28 0.4331597222222222 0.5613425925925926 0.03993055555555555 0.04398148148148148
30 0.4149305555555555 0.48263888888888884 0.03125 0.048611111111111105
32 0.4236111111111111 0.2743055555555555 0.041666666666666664 0.04398148148148148
32 0.3628472222222222 0.40856481481481477 0.041666666666666664 0.039351851851851846
29 0.25 0.19328703703703703 0.034722222222222224 0.04398148148148148
28 0.3333333333333333 0.16203703703703703 0.041666666666666664 0.041666666666666664
31 0.13715277777777776 0.2523148148148148 0.05208333333333333 0.06944444444444445
12 0.11371527777777778 0.36342592592592593 0.046875 0.05555555555555555
27 0.5425347222222222 0.3587962962962963 0.046875 0.046296296296296294
17 0.1970486111111111 0.5509259259259259 0.05381944444444444 0.07407407407407407
15 0.3263888888888889 0.5833333333333333 0.04513888888888889 0.07407407407407407
17 0.548611111111111 0.5636574074074073 0.041666666666666664 0.06712962962962962
18 0.5815972222222222 0.21064814814814814 0.04513888888888889 0.05555555555555555
17 0.13020833333333331 0.6851851851851851 0.059027777777777776 0.06944444444444445
17 0.13802083333333331 0.7743055555555555 0.05381944444444444 0.07638888888888888
16 0.1987847222222222 0.7800925925925926 0.03993055555555555 0.07870370370370369
15 0.2204861111111111 0.6875 0.04513888888888889 0.08333333333333333
11 0.30729166666666663 0.7152777777777778 0.05208333333333333 0.05092592592592592
14 0.38541666666666663 0.7141203703703703 0.03819444444444444 0.07175925925925926
29 0.3550347222222222 0.8067129629629629 0.03645833333333333 0.048611111111111105
28 0.5694444444444444 0.6493055555555555 0.041666666666666664 0.048611111111111105
18 0.45138888888888884 0.6458333333333333 0.048611111111111105 0.046296296296296294
5 0.5234375 0.75 0.03993055555555555 0.07407407407407407
10 0.6137152777777778 0.7939814814814814 0.03993055555555555 0.06481481481481481
32 0.6901041666666666 0.8194444444444444 0.043402777777777776 0.041666666666666664
16 0.7890625 0.8402777777777777 0.057291666666666664 0.046296296296296294
33 0.7022569444444444 0.5335648148148148 0.03298611111111111 0.048611111111111105
2 0.765625 0.599537037037037 0.05208333333333333 0.046296296296296294
3 0.7213541666666666 0.6793981481481481 0.05034722222222222 0.04398148148148148
0 0.6640625 0.6840277777777778 0.029513888888888888 0.07175925925925926
8 0.7795138888888888 0.7199074074074073 0.034722222222222224 0.07407407407407407
4 0.8498263888888888 0.7268518518518519 0.05034722222222222 0.06481481481481481
25 0.8324652777777777 0.5115740740740741 0.046875 0.07870370370370369
31 0.8489583333333333 0.6180555555555555 0.048611111111111105 0.07407407407407407
31 0.7708333333333333 0.5115740740740741 0.059027777777777776 0.06018518518518518
27 0.822048611111111 0.10532407407407407 0.043402777777777776 0.048611111111111105
27 0.6449652777777778 0.2175925925925926 0.03645833333333333 0.05555555555555555
33 0.829861111111111 0.22337962962962962 0.03819444444444444 0.04398148148148148
19 0.689236111111111 0.32407407407407407 0.017361111111111112 0.06944444444444445
21 0.6536458333333333 0.38888888888888884 0.057291666666666664 0.06481481481481481
26 0.7421875 0.33912037037037035 0.043402777777777776 0.07638888888888888
26 0.806423611111111 0.34259259259259256 0.06076388888888889 0.06018518518518518
24 0.697048611111111 0.20254629629629628 0.03993055555555555 0.07638888888888888
13 0.5928819444444444 0.10995370370370369 0.046875 0.057870370370370364
0 0.7369791666666666 0.10648148148148148 0.05034722222222222 0.05555555555555555
0 0.7664930555555555 0.21296296296296297 0.03298611111111111 0.06481481481481481
