0 0.3741319444444444 0.05208333333333333 0.05034722222222222 0.057870370370370364
0 0.2942708333333333 0.17708333333333331 0.05034722222222222 0.039351851851851846
8 0.4157986111111111 0.11921296296296295 0.046875 0.05324074074074074
6 0.48697916666666663 0.2546296296296296 0.029513888888888888 0.06944444444444445
5 0.3081597222222222 0.33564814814814814 0.05034722222222222 0.041666666666666664
5 0.37152777777777773 0.36921296296296297 0.03819444444444444 0.06712962962962962
28 0.42013888888888884 0.25578703703703703 0.034722222222222224 0.048611111111111105
27 0.29166666666666663 0.26273148148148145 0.03819444444444444 0.057870370370370364
31 0.3576388888888889 0.25810185185185186 0.05208333333333333 0.05324074074074074
29 0.4157986111111111 0.3506944444444444 0.03645833333333333 0.048611111111111105
32 0.3602430555555555 0.46875 0.03298611111111111 0.05324074074074074
33 0.21614583333333331 0.30787037037037035 0.03645833333333333 0.05092592592592592
29 0.5833333333333333 0.36921296296296297 0.03125 0.04398148148148148
9 0.2873263888888889 0.5162037037037037 0.03993055555555555 0.05555555555555555
11 0.540798611111111 0.5011574074074073 0.046875 0.057870370370370364
15 0.3671875 0.1909722222222222 0.05034722222222222 0.05324074074074074
14 0.23350694444444442 0.20601851851851852 0.05381944444444444 0.05092592592592592
12 0.17881944444444445 0.23032407407407407 0.034722222222222224 0.057870370370370364
19 0.35590277777777773 0.11574074074074073 0.03125 0.05555555555555555
21 0.5138888888888888 0.07291666666666666 0.03125 0.07175925925925926
20 0.2569444444444444 0.39120370370370366 0.041666666666666664 0.06018518518518518
21 0.5572916666666666 0.2546296296296296 0.05208333333333333 0.041666666666666664
19 0.5842013888888888 0.4571759259259259 0.03993055555555555 0.057870370370370364
2 0.5625 0.18518518518518517 0.048611111111111105 0.046296296296296294
4 0.625 0.17592592592592593 0.05208333333333333 0.037037037037037035
3 0.6206597222222222 0.25578703703703703 0.026041666666666664 0.0625
2 0.6432291666666666 0.35185185185185186 0.026041666666666664 0.06944444444444445
30 0.5625 0.1111111111111111 0.034722222222222224 0.037037037037037035
14 0.6284722222222222 0.11458333333333333 0.048611111111111105 0.048611111111111105
10 0.23177083333333331 0.5567129629629629 0.046875 0.039351851851851846
10 0.20572916666666666 0.6319444444444444 0.05034722222222222 0.037037037037037035
10 0.2048611111111111 0.7881944444444444 0.03125 0.06712962962962962
11 0.28385416666666663 0.6238425925925926 0.043402777777777776 0.0625
9 0.24131944444444442 0.6944444444444444 0.041666666666666664 0.05092592592592592
16 0.18489583333333331 0.7129629629629629 0.043402777777777776 0.07870370370370369
16 0.25260416666666663 0.7766203703703703 0.03993055555555555 0.07638888888888888
17 0.3472222222222222 0.579861111111111 0.041666666666666664 0.06712962962962962
17 0.3411458333333333 0.7407407407407407 0.05381944444444444 0.07407407407407407
15 0.41059027777777773 0.7071759259259259 0.057291666666666664 0.0625
13 0.3159722222222222 0.875 0.048611111111111105 0.05555555555555555
13 0.6059027777777778 0.7025462962962963 0.04513888888888889 0.06712962962962962
24 0.4192708333333333 0.5439814814814814 0.05381944444444444 0.05092592592592592
26 0.3567708333333333 0.65625 0.06076388888888889 0.0625
26 0.5217013888888888 0.6643518518518519 0.05381944444444444 0.08333333333333333
1 0.6085069444444444 0.5821759259259259 0.029513888888888888 0.07175925925925926
28 0.556423611111111 0.5821759259259259 0.03993055555555555 0.04398148148148148
30 0.3359375 0.8171296296296295 0.03993055555555555 0.05092592592592592
18 0.6640625 0.44675925925925924 0.046875 0.05092592592592592
18 0.736111111111111 0.6469907407407407 0.041666666666666664 0.057870370370370364
23 0.6571180555555555 0.5219907407407407 0.043402777777777776 0.07175925925925926
2 0.7387152777777778 0.5381944444444444 0.03298611111111111 0.06712962962962962
3 0.8055555555555555 0.59375 0.04513888888888889 0.0625
3 0.845486111111111 0.5254629629629629 0.041666666666666664 0.06481481481481481
16 0.8211805555555555 0.4212962962962963 0.041666666666666664 0.07407407407407407
9 0.782986111111111 0.4942129629629629 0.03819444444444444 0.048611111111111105
31 0.7578125 0.3923611111111111 0.05034722222222222 0.057870370370370364
31 0.6866319444444444 0.6018518518518519 0.03993055555555555 0.06944444444444445
27 0.697048611111111 0.10416666666666666 0.03993055555555555 0.05555555555555555
32 0.736111111111111 0.18055555555555555 0.03125 0.05555555555555555
33 0.7743055555555555 0.25810185185185186 0.03819444444444444 0.05324074074074074
2 0.7925347222222222 0.11805555555555555 0.043402777777777776 0.06481481481481481
6 0.7152777777777778 0.26273148148148145 0.03125 0.07175925925925926
5 0.6692708333333333 0.2743055555555555 0.029513888888888888 0.07175925925925926
1 0.6805555555555555 0.19212962962962962 0.034722222222222224 0.06944444444444445
