3 0.25906968390804597 0.2556573275862069 0.03430316091954023 0.0668103448275862
0 0.4956896551724138 0.31317349137931033 0.041666666666666664 0.03744612068965517
6 0.5082614942528736 0.15247844827586207 0.033045977011494254 0.05765086206896552
1 0.6049748563218391 0.2722252155172414 0.04112787356321839 0.04714439655172414
8 0.6361350574712643 0.3460398706896552 0.030172413793103446 0.06492456896551724
4 0.5622306034482758 0.39089439655172414 0.031070402298850573 0.06303879310344827
2 0.6104525862068966 0.5323275862068966 0.042385057471264365 0.05441810344827586
7 0.5577406609195402 0.5381196120689655 0.03178879310344827 0.060075431034482756
6 0.6117097701149425 0.6695851293103449 0.04489942528735632 0.03852370689655173
0 0.6141343390804598 0.728582974137931 0.04400143678160919 0.0390625
4 0.4324712643678161 0.7141702586206896 0.03987068965517241 0.06196120689655173
6 0.4202586206896552 0.5883620689655172 0.030172413793103446 0.06357758620689655
3 0.2998383620689655 0.7331627155172413 0.04076867816091954 0.0546875
0 0.2578125 0.6658135775862069 0.04328304597701149 0.060614224137931036
5 0.514996408045977 0.5808189655172413 0.03178879310344827 0.06788793103448276
32 0.22261135057471265 0.2039331896551724 0.02855603448275862 0.0490301724137931
10 0.2095905172413793 0.44059806034482757 0.02693965517241379 0.060614224137931036
12 0.3244432471264368 0.35237068965517243 0.03142959770114943 0.04956896551724138
9 0.44288793103448276 0.1341594827586207 0.0305316091954023 0.04525862068965517
30 0.3161817528735632 0.2583512931034483 0.029274425287356323 0.047952586206896554
14 0.3657507183908046 0.2335668103448276 0.029633620689655173 0.06196120689655173
19 0.41531968390804597 0.21982758620689655 0.02280890804597701 0.06842672413793104
20 0.41801364942528735 0.30280172413793105 0.030711206896551723 0.06788793103448276
24 0.36844468390804597 0.32448814655172414 0.0490301724137931 0.05738146551724138
24 0.35982399425287354 0.13442887931034483 0.03430316091954023 0.07165948275862069
21 0.3063038793103448 0.14453125 0.04005028735632184 0.0746228448275862
20 0.20510057471264367 0.2984913793103448 0.04418103448275862 0.052262931034482756
16 0.2706537356321839 0.3403825431034483 0.04274425287356322 0.07085129310344827
24 0.2883441091954023 0.46875 0.0497485632183908 0.06303879310344827
15 0.3172593390804598 0.5060614224137931 0.04040948275862069 0.06923491379310345
11 0.3744612068965517 0.44140625 0.023706896551724137 0.06869612068965517
33 0.4098419540229885 0.38294719827586204 0.0305316091954023 0.0412176724137931
27 0.4353448275862069 0.49447737068965514 0.035201149425287355 0.05199353448275862
28 0.4873383620689655 0.42982219827586204 0.02819683908045977 0.048760775862068964
28 0.35560344827586204 0.5402747844827586 0.033045977011494254 0.042295258620689655
29 0.3863146551724138 0.6814385775862069 0.030172413793103446 0.0390625
19 0.37374281609195403 0.6076239224137931 0.0334051724137931 0.05953663793103448
16 0.22270114942528735 0.5980603448275862 0.042385057471264365 0.06734913793103448
33 0.20411278735632182 0.6664870689655172 0.028915229885057472 0.05441810344827586
14 0.22288074712643677 0.7858297413793104 0.04705459770114943 0.0447198275862069
31 0.3473419540229885 0.7530980603448276 0.04849137931034483 0.07354525862068965
9 0.483746408045977 0.759832974137931 0.03466235632183908 0.05037715517241379
22 0.5014367816091954 0.6742995689655172 0.04741379310344827 0.05818965517241379
19 0.561242816091954 0.6986799568965517 0.04525862068965517 0.029364224137931032
25 0.5717492816091954 0.7879849137931034 0.04328304597701149 0.07704741379310345
26 0.6206896551724138 0.7992995689655172 0.036637931034482756 0.07543103448275862
22 0.6688218390804598 0.7280441810344828 0.04741379310344827 0.04768318965517241
12 0.5651939655172413 0.6278286637931034 0.030172413793103446 0.060614224137931036
27 0.6587643678160919 0.6578663793103449 0.029813218390804596 0.06303879310344827
29 0.6547234195402298 0.5712553879310345 0.02819683908045977 0.04552801724137931
25 0.6229346264367815 0.44140625 0.046875 0.07085129310344827
23 0.610003591954023 0.6065463362068966 0.045797413793103446 0.042295258620689655
27 0.7004310344827586 0.6489762931034483 0.033764367816091954 0.05980603448275862
33 0.6795977011494253 0.32112068965517243 0.032327586206896554 0.052262931034482756
26 0.6516702586206896 0.22494612068965517 0.04005028735632184 0.07543103448275862
24 0.5653735632183908 0.20662715517241378 0.04130747126436782 0.0668103448275862
11 0.5520833333333334 0.30105064655172414 0.0341235632183908 0.060614224137931036
14 0.5349317528735632 0.24878771551724138 0.04148706896551724 0.055765086206896554
15 0.5961745689655172 0.14291487068965517 0.03825431034482758 0.05953663793103448
13 0.5990481321839081 0.36328125 0.03358477011494253 0.055765086206896554
