24 0.1267361111111111 0.14963624338624337 0.07093253968253968 0.06712962962962962
15 0.16083829365079363 0.23693783068783067 0.06274801587301587 0.07506613756613756
20 0.10912698412698413 0.31646825396825395 0.06299603174603174 0.05423280423280423
20 0.18836805555555555 0.41484788359788355 0.06274801587301587 0.054563492063492064
4 0.21800595238095236 0.33812830687830686 0.06696428571428571 0.053902116402116396
4 0.3082837301587301 0.36061507936507936 0.06299603174603174 0.06051587301587301
3 0.27839781746031744 0.4219576719576719 0.06324404761904762 0.06415343915343916
30 0.3892609126984127 0.3611111111111111 0.041914682539682536 0.05092592592592592
2 0.4157986111111111 0.2738095238095238 0.06274801587301587 0.052248677248677246
11 0.23970734126984125 0.26967592592592593 0.0662202380952381 0.04596560846560846
19 0.2735615079365079 0.16832010582010581 0.059027777777777776 0.01917989417989418
2 0.21155753968253968 0.11772486772486772 0.048611111111111105 0.08002645502645503
17 0.2765376984126984 0.06531084656084656 0.059027777777777776 0.08432539682539682
13 0.3401537698412698 0.16699735449735448 0.04290674603174603 0.06944444444444445
24 0.40451388888888884 0.16914682539682538 0.06398809523809523 0.053902116402116396
32 0.3614831349206349 0.87880291005291 0.04935515873015873 0.04794973544973545
5 0.2925347222222222 0.843584656084656 0.06274801587301587 0.061507936507936505
0 0.20672123015873015 0.7976190476190476 0.06175595238095238 0.06084656084656084
19 0.14037698412698413 0.8614417989417988 0.057539682539682536 0.05423280423280423
6 0.13578869047619047 0.7471891534391534 0.044890873015873016 0.08763227513227513
19 0.2085813492063492 0.689318783068783 0.04811507936507936 0.0625
12 0.14087301587301587 0.6271494708994708 0.04662698412698413 0.048611111111111105
31 0.1884920634920635 0.5578703703703703 0.06845238095238095 0.08002645502645503
29 0.3312251984126984 0.25380291005291006 0.03844246031746031 0.04728835978835978
28 0.28583829365079366 0.628968253968254 0.045882936507936505 0.05092592592592592
1 0.2707093253968254 0.521329365079365 0.06076388888888889 0.05125661375661375
1 0.410094246031746 0.523313492063492 0.05282738095238095 0.06845238095238095
5 0.3349454365079365 0.5831679894179894 0.05828373015873015 0.07242063492063491
18 0.42956349206349204 0.6220238095238095 0.05704365079365079 0.04894179894179894
22 0.2891865079365079 0.7250330687830687 0.06894841269841269 0.06117724867724868
8 0.3519345238095238 0.7377645502645502 0.037698412698412696 0.08664021164021163
23 0.4125744047619047 0.7351190476190476 0.046875 0.08796296296296297
28 0.5354662698412698 0.6253306878306878 0.04662698412698413 0.05092592592592592
26 0.503720238095238 0.689318783068783 0.06944444444444445 0.06911375661375661
27 0.4906994047619047 0.8250661375661376 0.04241071428571428 0.06746031746031746
26 0.544890873015873 0.833994708994709 0.04563492063492063 0.09060846560846561
0 0.5984623015873015 0.8073743386243386 0.03968253968253968 0.0796957671957672
25 0.6636904761904762 0.7875330687830687 0.0625 0.06051587301587301
15 0.7269345238095237 0.769510582010582 0.04712301587301587 0.08928571428571427
29 0.6555059523809523 0.7076719576719577 0.04265873015873016 0.04431216931216931
23 0.5812251984126984 0.7215608465608465 0.06969246031746032 0.06283068783068782
2 0.724578373015873 0.6746031746031745 0.06125992063492063 0.04894179894179894
32 0.6104910714285714 0.6180555555555555 0.037450396825396824 0.06349206349206349
3 0.7017609126984127 0.5894510582010581 0.03794642857142857 0.0796957671957672
14 0.5533234126984127 0.5410052910052909 0.059027777777777776 0.05357142857142857
14 0.6161954365079365 0.5089285714285714 0.037450396825396824 0.07870370370370369
23 0.6734871031746031 0.49553571428571425 0.044394841269841265 0.08366402116402116
10 0.7573164682539683 0.49718915343915343 0.057291666666666664 0.04398148148148148
7 0.49789186507936506 0.2521494708994709 0.04836309523809523 0.07043650793650794
15 0.503844246031746 0.35218253968253965 0.0642361111111111 0.061507936507936505
20 0.578125 0.3870701058201058 0.06051587301587301 0.05125661375661375
11 0.5920138888888888 0.289021164021164 0.03125 0.0873015873015873
33 0.6416170634920635 0.3204365079365079 0.04067460317460317 0.05489417989417989
7 0.701140873015873 0.38326719576719576 0.039186507936507936 0.08002645502645503
7 0.7621527777777778 0.35846560846560843 0.06051587301587301 0.05357142857142857
30 0.7993551587301587 0.24189814814814814 0.03720238095238095 0.059193121693121686
24 0.71875 0.21263227513227512 0.041666666666666664 0.08796296296296297
9 0.6547619047619048 0.2071759259259259 0.04464285714285714 0.05853174603174603
21 0.5269097222222222 0.166005291005291 0.057291666666666664 0.08796296296296297
14 0.589657738095238 0.16534391534391535 0.05133928571428571 0.07804232804232804
6 0.5724206349206349 0.05671296296296296 0.06101190476190476 0.06514550264550265
6 0.6401289682539683 0.0916005291005291 0.054563492063492064 0.07671957671957672
21 0.7099454365079365 0.10598544973544972 0.054315476190476185 0.09358465608465608
16 0.8097718253968254 0.1273148148148148 0.061507936507936505 0.07870370370370369
