29 0.24479166666666666 0.20254629629629628 0.034722222222222224 0.04398148148148148
28 0.328125 0.17129629629629628 0.041666666666666664 0.046296296296296294
27 0.3602430555555555 0.34027777777777773 0.043402777777777776 0.05555555555555555
30 0.3003472222222222 0.3483796296296296 0.034722222222222224 0.048611111111111105
30 0.4079861111111111 0.4907407407407407 0.03125 0.046296296296296294
27 0.5355902777777778 0.3657407407407407 0.043402777777777776 0.05092592592592592
32 0.4175347222222222 0.2835648148148148 0.03993055555555555 0.04398148148148148
32 0.35590277777777773 0.4143518518518518 0.041666666666666664 0.037037037037037035
31 0.1328125 0.26041666666666663 0.05034722222222222 0.07175925925925926
1 0.38715277777777773 0.21527777777777776 0.04513888888888889 0.06018518518518518
5 0.3194444444444444 0.24537037037037035 0.048611111111111105 0.05555555555555555
6 0.2569444444444444 0.4131944444444444 0.048611111111111105 0.057870370370370364
2 0.2890625 0.4942129629629629 0.046875 0.0625
6 0.19357638888888887 0.4456018518518518 0.043402777777777776 0.06712962962962962
21 0.16319444444444445 0.3935185185185185 0.048611111111111105 0.07407407407407407
22 0.21701388888888887 0.33912037037037035 0.05208333333333333 0.07175925925925926
14 0.2664930555555555 0.27546296296296297 0.05381944444444444 0.05555555555555555
4 0.1831597222222222 0.2962962962962963 0.046875 0.06481481481481481
12 0.109375 0.37037037037037035 0.048611111111111105 0.05555555555555555
3 0.45138888888888884 0.34606481481481477 0.034722222222222224 0.06712962962962962
23 0.5190972222222222 0.18518518518518517 0.05208333333333333 0.07870370370370369
17 0.19270833333333331 0.5543981481481481 0.05555555555555555 0.07175925925925926
7 0.1579861111111111 0.6238425925925926 0.03819444444444444 0.06712962962962962
17 0.125 0.6921296296296295 0.05555555555555555 0.06944444444444445
17 0.13368055555555555 0.7789351851851851 0.05555555555555555 0.07638888888888888
16 0.1953125 0.7847222222222222 0.03645833333333333 0.08333333333333333
15 0.21527777777777776 0.693287037037037 0.04513888888888889 0.07638888888888888
15 0.3211805555555555 0.5879629629629629 0.041666666666666664 0.06944444444444445
14 0.3784722222222222 0.7210648148148148 0.03819444444444444 0.06712962962962962
17 0.5425347222222222 0.5694444444444444 0.03993055555555555 0.06481481481481481
12 0.30121527777777773 0.7210648148148148 0.05381944444444444 0.048611111111111105
4 0.2621527777777778 0.6180555555555555 0.05555555555555555 0.05092592592592592
28 0.42795138888888884 0.5671296296296297 0.03993055555555555 0.041666666666666664
28 0.5625 0.6574074074074073 0.034722222222222224 0.05092592592592592
27 0.3515625 0.8125 0.03645833333333333 0.046296296296296294
18 0.4444444444444444 0.6527777777777778 0.048611111111111105 0.05092592592592592
5 0.5182291666666666 0.7569444444444444 0.03993055555555555 0.06944444444444445
0 0.6163194444444444 0.5763888888888888 0.03125 0.06944444444444445
7 0.6553819444444444 0.6898148148148148 0.03645833333333333 0.06944444444444445
3 0.7118055555555555 0.6851851851851851 0.05208333333333333 0.046296296296296294
8 0.7717013888888888 0.7256944444444444 0.03645833333333333 0.07175925925925926
4 0.8411458333333333 0.736111111111111 0.05034722222222222 0.06481481481481481
32 0.6831597222222222 0.8263888888888888 0.046875 0.046296296296296294
16 0.78125 0.8449074074074073 0.05555555555555555 0.046296296296296294
10 0.6067708333333333 0.7974537037037036 0.03645833333333333 0.0625
2 0.7578125 0.6076388888888888 0.05381944444444444 0.04398148148148148
31 0.8402777777777777 0.6261574074074073 0.048611111111111105 0.07638888888888888
31 0.7630208333333333 0.5162037037037037 0.057291666666666664 0.06018518518518518
33 0.6953125 0.5393518518518519 0.03993055555555555 0.046296296296296294
25 0.8237847222222222 0.5196759259259259 0.046875 0.07638888888888888
8 0.587673611111111 0.4548611111111111 0.05381944444444444 0.048611111111111105
27 0.8116319444444444 0.11226851851851852 0.046875 0.048611111111111105
27 0.6362847222222222 0.23032407407407407 0.03993055555555555 0.0625
33 0.8211805555555555 0.2349537037037037 0.034722222222222224 0.048611111111111105
0 0.7274305555555555 0.11458333333333333 0.05208333333333333 0.057870370370370364
0 0.7578125 0.21990740740740738 0.03298611111111111 0.06481481481481481
13 0.5868055555555555 0.11689814814814814 0.048611111111111105 0.05324074074074074
18 0.572048611111111 0.2210648148148148 0.046875 0.05324074074074074
19 0.6805555555555555 0.3333333333333333 0.024305555555555552 0.06944444444444445
21 0.6467013888888888 0.3969907407407407 0.057291666666666664 0.07175925925925926
23 0.595486111111111 0.31134259259259256 0.04513888888888889 0.07638888888888888
26 0.736111111111111 0.3483796296296296 0.04513888888888889 0.08101851851851852
26 0.7994791666666666 0.34953703703703703 0.0642361111111111 0.06018518518518518
24 0.6883680555555555 0.21064814814814814 0.03993055555555555 0.07870370370370369
