11 0.2511160714285714 0.09077380952380952 0.023561507936507936 0.07506613756613756
13 0.17063492063492064 0.19692460317460317 0.0496031746031746 0.05324074074074074
15 0.478546626984127 0.3802910052910053 0.05381944444444444 0.061507936507936505
26 0.10019841269841269 0.19890873015873015 0.060019841269841265 0.048611111111111105
25 0.25161210317460314 0.23726851851851852 0.044394841269841265 0.07109788359788359
25 0.29947916666666663 0.19345238095238093 0.03695436507936508 0.07076719576719576
8 0.35181051587301587 0.25165343915343913 0.034474206349206345 0.07275132275132275
5 0.4131944444444444 0.2868716931216931 0.054563492063492064 0.04993386243386243
1 0.3492063492063492 0.3480489417989418 0.053075396825396824 0.04398148148148148
7 0.2222222222222222 0.394510582010582 0.05357142857142857 0.04431216931216931
2 0.15364583333333331 0.2825727513227513 0.05778769841269841 0.04133597883597884
32 0.15104166666666666 0.36590608465608465 0.030753968253968252 0.059193121693121686
20 0.28782242063492064 0.32705026455026454 0.053323412698412696 0.04431216931216931
22 0.42447916666666663 0.19163359788359788 0.055803571428571425 0.050595238095238096
29 0.4053819444444444 0.37549603174603174 0.03298611111111111 0.04464285714285714
33 0.3077876984126984 0.4123677248677248 0.0367063492063492 0.04497354497354497
11 0.21552579365079363 0.5100859788359788 0.021825396825396824 0.07837301587301587
9 0.26525297619047616 0.5825066137566137 0.0404265873015873 0.050595238095238096
10 0.1773313492063492 0.8255621693121693 0.041666666666666664 0.06382275132275132
10 0.4205109126984127 0.7898478835978836 0.048859126984126984 0.04133597883597884
30 0.3315972222222222 0.5170304232804233 0.03422619047619047 0.04265873015873016
7 0.4066220238095238 0.5595238095238095 0.05629960317460317 0.042328042328042326
12 0.47209821428571425 0.5446428571428571 0.03546626984126984 0.056878306878306875
26 0.171875 0.6691468253968254 0.06200396825396825 0.05257936507936507
33 0.17881944444444445 0.5735780423280423 0.039186507936507936 0.04596560846560846
14 0.39558531746031744 0.6489748677248677 0.05406746031746031 0.05324074074074074
14 0.26339285714285715 0.8936838624338623 0.05257936507936507 0.059193121693121686
13 0.32874503968253965 0.8176256613756613 0.05133928571428571 0.06051587301587301
23 0.22271825396825395 0.7931547619047619 0.054563492063492064 0.08101851851851852
21 0.34188988095238093 0.6967592592592592 0.05828373015873015 0.07275132275132275
29 0.2657490079365079 0.701058201058201 0.03844246031746031 0.04365079365079365
0 0.5639880952380952 0.579861111111111 0.05208333333333333 0.05257936507936507
2 0.6790674603174602 0.6083002645502645 0.05406746031746031 0.04993386243386243
6 0.8015873015873015 0.7579365079365079 0.04265873015873016 0.06878306878306878
4 0.7858382936507936 0.5148809523809523 0.033482142857142856 0.07539682539682539
4 0.5804811507936508 0.6865079365079365 0.054315476190476185 0.05555555555555555
9 0.6252480158730158 0.646329365079365 0.04613095238095238 0.05324074074074074
9 0.7083333333333333 0.533234126984127 0.04613095238095238 0.05588624338624339
9 0.8431299603174602 0.5787037037037037 0.037450396825396824 0.05886243386243386
27 0.6883680555555555 0.7103174603174602 0.044394841269841265 0.05357142857142857
25 0.6355406746031745 0.7620701058201058 0.058779761904761904 0.07903439153439153
24 0.7496279761904762 0.8120039682539683 0.048859126984126984 0.07242063492063491
24 0.8113839285714285 0.6574074074074073 0.0404265873015873 0.07671957671957672
24 0.6376488095238095 0.5616732804232804 0.04216269841269841 0.07705026455026455
16 0.7549603174603174 0.5954034391534391 0.05952380952380952 0.04728835978835978
33 0.5667162698412698 0.7751322751322751 0.03521825396825397 0.05092592592592592
31 0.736111111111111 0.6765873015873015 0.05803571428571428 0.07275132275132275
9 0.5205853174603174 0.3116732804232804 0.03819444444444444 0.05257936507936507
29 0.5380704365079365 0.18716931216931215 0.034474206349206345 0.041666666666666664
18 0.9281994047619047 0.33796296296296297 0.04786706349206349 0.0496031746031746
28 0.6827876984126984 0.4618055555555555 0.031746031746031744 0.04993386243386243
28 0.8575148809523809 0.3063822751322751 0.038938492063492064 0.039351851851851846
28 0.7232142857142857 0.19576719576719576 0.030753968253968252 0.05423280423280423
12 0.6759672619047619 0.28621031746031744 0.033482142857142856 0.05522486772486772
13 0.644345238095238 0.3976521164021164 0.04365079365079365 0.06514550264550265
16 0.5680803571428571 0.4662698412698412 0.057291666666666664 0.04497354497354497
16 0.7547123015873015 0.3473875661375661 0.04414682539682539 0.07572751322751323
11 0.790798611111111 0.26620370370370366 0.046875 0.0582010582010582
14 0.7211061507936507 0.4130291005291005 0.053323412698412696 0.06018518518518518
15 0.8252728174603174 0.4272486772486772 0.05927579365079365 0.05886243386243386
8 0.5908978174603174 0.2709986772486772 0.038938492063492064 0.07043650793650794
0 0.6187996031746031 0.1951058201058201 0.04712301587301587 0.05886243386243386
27 0.5721726190476191 0.3923611111111111 0.04216269841269841 0.04728835978835978
