13 0.3969109195402299 0.14601293103448276 0.04489942528735632 0.05064655172413793
20 0.32947198275862066 0.13510237068965517 0.05190373563218391 0.05199353448275862
31 0.2573635057471264 0.2455549568965517 0.05387931034482758 0.060075431034482756
3 0.16082974137931033 0.3052262931034483 0.036458333333333336 0.07273706896551724
7 0.20698635057471265 0.3697467672413793 0.049389367816091954 0.04768318965517241
8 0.27478448275862066 0.4586476293103448 0.053520114942528736 0.060075431034482756
5 0.3583872126436782 0.35169719827586204 0.046875 0.05953663793103448
4 0.3682650862068965 0.49622844827586204 0.05262212643678161 0.045797413793103446
24 0.3458153735632184 0.20851293103448276 0.05262212643678161 0.06303879310344827
14 0.46345186781609193 0.32112068965517243 0.04328304597701149 0.07165948275862069
16 0.37517959770114945 0.26171875 0.054238505747126436 0.06923491379310345
33 0.4359734195402299 0.24245689655172414 0.03394396551724138 0.05118534482758621
30 0.4098419540229885 0.3199084051724138 0.0305316091954023 0.04606681034482758
29 0.31779813218390807 0.29754849137931033 0.030352011494252873 0.05522629310344827
10 0.21147629310344826 0.4536637931034483 0.03969109195402299 0.061422413793103446
11 0.29732399425287354 0.5835129310344828 0.046515804597701146 0.06357758620689655
14 0.4178340517241379 0.3995150862068965 0.052262931034482756 0.06303879310344827
27 0.501885775862069 0.20299030172413793 0.03430316091954023 0.05953663793103448
8 0.5526221264367815 0.2126885775862069 0.05100574712643678 0.04337284482758621
27 0.5639367816091954 0.27424568965517243 0.04418103448275862 0.050107758620689655
27 0.43004669540229884 0.4950161637931034 0.04400143678160919 0.05199353448275862
28 0.5326867816091954 0.3648976293103448 0.0305316091954023 0.05630387931034483
29 0.6604705459770115 0.4185075431034483 0.03466235632183908 0.04337284482758621
29 0.6372126436781609 0.5330010775862069 0.03556034482758621 0.05199353448275862
29 0.43498563218390807 0.7630657327586207 0.03915229885057471 0.04714439655172414
33 0.6035380747126436 0.8428071120689655 0.03825431034482758 0.05307112068965517
33 0.7180316091954023 0.16446659482758622 0.032327586206896554 0.04714439655172414
30 0.37266522988505746 0.8355334051724138 0.03807471264367816 0.04714439655172414
0 0.32839439655172414 0.6606950431034483 0.030352011494252873 0.07839439655172414
0 0.43148347701149425 0.6818426724137931 0.048670977011494254 0.04956896551724138
0 0.7349137931034483 0.7283135775862069 0.04489942528735632 0.0703125
1 0.6368534482758621 0.6438577586206896 0.03879310344827586 0.06788793103448276
1 0.2294360632183908 0.5806842672413793 0.037895114942528736 0.07785560344827586
2 0.4385775862068965 0.5748922413793104 0.029454022988505746 0.08081896551724138
2 0.6489762931034483 0.1822467672413793 0.03466235632183908 0.07408405172413793
3 0.6559806034482758 0.34065193965517243 0.037176724137931036 0.07408405172413793
4 0.5757004310344828 0.7809806034482758 0.05549568965517241 0.05441810344827586
5 0.5961745689655172 0.5863415948275862 0.04723419540229885 0.06546336206896551
8 0.5163433908045977 0.4839709051724138 0.04777298850574713 0.06815732758620689
6 0.37419181034482757 0.751885775862069 0.02855603448275862 0.07974137931034482
17 0.3208512931034483 0.40934806034482757 0.05190373563218391 0.07893318965517242
9 0.37616738505747127 0.6557112068965517 0.03753591954022988 0.05765086206896552
9 0.4694683908045977 0.853582974137931 0.03879310344827586 0.06115301724137931
11 0.2302442528735632 0.7972790948275862 0.052801724137931036 0.05630387931034483
14 0.5178699712643678 0.7331627155172413 0.052262931034482756 0.05953663793103448
10 0.6885775862068966 0.24851831896551724 0.04777298850574713 0.0390625
12 0.6223060344827586 0.26575969827586204 0.03987068965517241 0.04768318965517241
12 0.7108477011494253 0.34065193965517243 0.042385057471264365 0.050915948275862065
10 0.5939295977011494 0.4834321120689655 0.04130747126436782 0.055765086206896554
17 0.6641522988505747 0.7490571120689655 0.04849137931034483 0.08378232758620689
26 0.27900502873563215 0.33741918103448276 0.0497485632183908 0.08324353448275862
20 0.5520833333333334 0.13173491379310345 0.04669540229885057 0.05387931034482758
26 0.5980603448275862 0.35237068965517243 0.05675287356321839 0.08135775862068965
19 0.36395474137931033 0.5611530172413793 0.052262931034482756 0.040948275862068964
25 0.5089798850574713 0.5895743534482758 0.03879310344827586 0.07839439655172414
18 0.2567349137931034 0.6663523706896551 0.0461566091954023 0.04714439655172414
32 0.30145474137931033 0.7588900862068966 0.029274425287356323 0.06896551724137931
26 0.5947377873563219 0.6994881465517241 0.06016522988505747 0.06923491379310345
23 0.7159662356321839 0.6575969827586207 0.055136494252873564 0.08189655172413793
4 0.6768139367816092 0.6033135775862069 0.0461566091954023 0.0703125
19 0.7394037356321839 0.5358297413793104 0.05064655172413793 0.08566810344827586
19 0.6792385057471264 0.4995959051724138 0.03807471264367816 0.06115301724137931
21 0.759069683908046 0.29269935344827586 0.04328304597701149 0.07839439655172414
24 0.6155711206896551 0.12486530172413793 0.05334051724137931 0.060075431034482756
