31 0.24739583333333331 0.06944444444444445 0.057291666666666664 0.06481481481481481
32 0.24739583333333331 0.2951388888888889 0.03993055555555555 0.039351851851851846
9 0.18055555555555555 0.22453703703703703 0.03819444444444444 0.05092592592592592
11 0.3185763888888889 0.10648148148148148 0.03298611111111111 0.06944444444444445
13 0.21614583333333331 0.15625 0.046875 0.057870370370370364
17 0.13715277777777776 0.27546296296296297 0.059027777777777776 0.07407407407407407
0 0.18836805555555555 0.31481481481481477 0.03298611111111111 0.06481481481481481
19 0.2065972222222222 0.3958333333333333 0.017361111111111112 0.06944444444444445
23 0.3194444444444444 0.3969907407407407 0.05208333333333333 0.048611111111111105
23 0.40885416666666663 0.33912037037037035 0.05034722222222222 0.04398148148148148
25 0.3993055555555555 0.26967592592592593 0.05208333333333333 0.057870370370370364
2 0.2569444444444444 0.2175925925925926 0.048611111111111105 0.046296296296296294
2 0.3263888888888889 0.25578703703703703 0.05208333333333333 0.04398148148148148
2 0.4765625 0.24189814814814814 0.03993055555555555 0.0625
4 0.4079861111111111 0.16898148148148148 0.034722222222222224 0.06481481481481481
33 0.33072916666666663 0.18171296296296297 0.03645833333333333 0.04398148148148148
17 0.3046875 0.32407407407407407 0.043402777777777776 0.06481481481481481
4 0.20833333333333331 0.4884259259259259 0.048611111111111105 0.06018518518518518
1 0.2543402777777778 0.5902777777777778 0.03645833333333333 0.06481481481481481
1 0.3203125 0.568287037037037 0.029513888888888888 0.0625
8 0.3342013888888889 0.787037037037037 0.05381944444444444 0.05092592592592592
6 0.40104166666666663 0.6354166666666666 0.048611111111111105 0.048611111111111105
8 0.15538194444444445 0.6122685185185185 0.046875 0.057870370370370364
14 0.2439236111111111 0.8206018518518519 0.03298611111111111 0.06712962962962962
13 0.14496527777777776 0.767361111111111 0.043402777777777776 0.06712962962962962
24 0.1501736111111111 0.8738425925925926 0.046875 0.06712962962962962
30 0.18489583333333331 0.6921296296296295 0.05381944444444444 0.07407407407407407
30 0.2977430555555555 0.5023148148148148 0.05381944444444444 0.05555555555555555
30 0.47482638888888884 0.4872685185185185 0.03298611111111111 0.06712962962962962
22 0.3828125 0.49884259259259256 0.05381944444444444 0.05324074074074074
24 0.3819444444444444 0.5706018518518519 0.05208333333333333 0.057870370370370364
28 0.3263888888888889 0.6655092592592592 0.034722222222222224 0.057870370370370364
28 0.421875 0.7280092592592592 0.03819444444444444 0.048611111111111105
18 0.5026041666666666 0.5856481481481481 0.046875 0.041666666666666664
18 0.5078125 0.7488425925925926 0.043402777777777776 0.057870370370370364
15 0.625 0.8703703703703703 0.048611111111111105 0.06944444444444445
14 0.6866319444444444 0.8472222222222222 0.03298611111111111 0.06481481481481481
10 0.7447916666666666 0.7835648148148148 0.04513888888888889 0.039351851851851846
9 0.6171875 0.7604166666666666 0.03645833333333333 0.05324074074074074
29 0.6927083333333333 0.7372685185185185 0.034722222222222224 0.04398148148148148
30 0.7708333333333333 0.6631944444444444 0.034722222222222224 0.039351851851851846
2 0.6354166666666666 0.6759259259259259 0.03819444444444444 0.06481481481481481
7 0.587673611111111 0.579861111111111 0.043402777777777776 0.057870370370370364
18 0.7404513888888888 0.5960648148148148 0.043402777777777776 0.048611111111111105
20 0.6675347222222222 0.5775462962962963 0.046875 0.057870370370370364
26 0.6145833333333333 0.5115740740740741 0.034722222222222224 0.06944444444444445
5 0.5616319444444444 0.49189814814814814 0.05034722222222222 0.04398148148148148
1 0.7161458333333333 0.4247685185185185 0.05034722222222222 0.04398148148148148
6 0.5520833333333333 0.3900462962962963 0.05208333333333333 0.039351851851851846
3 0.6666666666666666 0.24768518518518517 0.041666666666666664 0.06018518518518518
7 0.6831597222222222 0.15740740740740738 0.03993055555555555 0.05555555555555555
16 0.6223958333333333 0.18865740740740738 0.05381944444444444 0.057870370370370364
13 0.7430555555555555 0.2048611111111111 0.041666666666666664 0.057870370370370364
15 0.7196180555555555 0.3587962962962963 0.05034722222222222 0.05092592592592592
11 0.5373263888888888 0.3020833333333333 0.03993055555555555 0.06712962962962962
11 0.6310763888888888 0.2881944444444444 0.043402777777777776 0.05324074074074074
27 0.579861111111111 0.27314814814814814 0.034722222222222224 0.05555555555555555
30 0.5512152777777778 0.19675925925925924 0.029513888888888888 0.041666666666666664
32 0.6909722222222222 0.3125 0.03819444444444444 0.037037037037037035
21 0.7638888888888888 0.30092592592592593 0.05208333333333333 0.05092592592592592
30 0.798611111111111 0.2511574074074074 0.03125 0.039351851851851846
25 0.6397569444444444 0.375 0.05381944444444444 0.05092592592592592
