32 0.224578373015873 0.07242063492063491 0.05183531746031746 0.05489417989417989
29 0.2979910714285714 0.10168650793650794 0.03794642857142857 0.053902116402116396
29 0.22978670634920634 0.2746362433862434 0.04141865079365079 0.05588624338624339
32 0.1671626984126984 0.41914682539682535 0.053075396825396824 0.048611111111111105
30 0.33482142857142855 0.1898148148148148 0.03720238095238095 0.05952380952380952
30 0.2560763888888889 0.3900462962962963 0.04241071428571428 0.054563492063492064
31 0.37797619047619047 0.26256613756613756 0.059027777777777776 0.09391534391534391
13 0.0703125 0.29298941798941797 0.045882936507936505 0.08002645502645503
12 0.1806795634920635 0.3318452380952381 0.05679563492063492 0.06712962962962962
21 0.30902777777777773 0.28835978835978837 0.04563492063492063 0.08267195767195767
10 0.26413690476190477 0.19642857142857142 0.043154761904761904 0.07804232804232804
17 0.19990079365079363 0.15145502645502645 0.07390873015873016 0.09325396825396826
21 0.16393849206349206 0.2157738095238095 0.07490079365079365 0.07903439153439153
17 0.3557787698412698 0.35565476190476186 0.06870039682539682 0.08697089947089946
26 0.42001488095238093 0.3900462962962963 0.06274801587301587 0.10218253968253968
9 0.37189980158730157 0.08581349206349206 0.0523313492063492 0.06316137566137565
8 0.4375 0.2709986772486772 0.04365079365079365 0.09226190476190475
2 0.12251984126984126 0.5590277777777778 0.057539682539682536 0.08167989417989417
9 0.08010912698412698 0.658234126984127 0.05109126984126984 0.06448412698412698
25 0.11681547619047618 0.7571097883597884 0.07390873015873016 0.0777116402116402
27 0.15302579365079363 0.646329365079365 0.04811507936507936 0.07638888888888888
31 0.2123015873015873 0.6822089947089947 0.06051587301587301 0.09854497354497355
28 0.27058531746031744 0.7179232804232804 0.039186507936507936 0.06878306878306878
31 0.3401537698412698 0.5218253968253967 0.07118055555555555 0.0734126984126984
30 0.21999007936507936 0.5750661375661376 0.04662698412698413 0.052248677248677246
27 0.2803819444444444 0.6059854497354497 0.045882936507936505 0.07308201058201058
16 0.19035218253968253 0.7891865079365079 0.055803571428571425 0.10085978835978836
0 0.2657490079365079 0.8369708994708994 0.047371031746031744 0.08333333333333333
0 0.35416666666666663 0.6383928571428571 0.06646825396825397 0.06117724867724868
3 0.34536210317460314 0.722718253968254 0.0662202380952381 0.05588624338624339
18 0.345734126984127 0.8237433862433862 0.04811507936507936 0.08333333333333333
7 0.4210069444444444 0.5654761904761905 0.05679563492063492 0.06944444444444445
15 0.42956349206349204 0.7194113756613756 0.0734126984126984 0.06977513227513227
15 0.5492311507936508 0.8153108465608465 0.07068452380952381 0.07837301587301587
14 0.607390873015873 0.7559523809523809 0.06646825396825397 0.06283068783068782
11 0.5786210317460317 0.6536044973544973 0.043154761904761904 0.08961640211640211
10 0.7411954365079365 0.6440145502645502 0.04836309523809523 0.07572751322751323
6 0.6543898809523809 0.6511243386243386 0.058779761904761904 0.07407407407407407
2 0.6925843253968254 0.7106481481481481 0.06076388888888889 0.07142857142857142
24 0.5027281746031745 0.660218253968254 0.05555555555555555 0.09556878306878307
29 0.8302331349206349 0.7076719576719577 0.03993055555555555 0.05489417989417989
21 0.8226686507936507 0.6149140211640212 0.06398809523809523 0.059193121693121686
28 0.6063988095238095 0.5434854497354497 0.03621031746031746 0.06646825396825397
26 0.7689732142857142 0.8098544973544973 0.048859126984126984 0.0992063492063492
12 0.8227926587301587 0.5170304232804233 0.03645833333333333 0.07175925925925926
4 0.6742311507936507 0.5472883597883598 0.06721230158730158 0.0496031746031746
4 0.5164930555555556 0.5340608465608465 0.0652281746031746 0.06084656084656084
3 0.7476438492063492 0.5188492063492063 0.03645833333333333 0.08597883597883597
27 0.5892857142857143 0.44576719576719576 0.05803571428571428 0.056878306878306875
8 0.665922619047619 0.41914682539682535 0.03968253968253968 0.09093915343915343
23 0.7580605158730158 0.41782407407407407 0.07068452380952381 0.07043650793650794
1 0.5187251984126984 0.3819444444444444 0.041914682539682536 0.08267195767195767
1 0.5572916666666666 0.16319444444444445 0.06200396825396825 0.07308201058201058
4 0.5152529761904762 0.11193783068783068 0.06125992063492063 0.07308201058201058
16 0.5198412698412698 0.26455026455026454 0.057539682539682536 0.09457671957671956
16 0.681547619047619 0.18253968253968253 0.06845238095238095 0.05555555555555555
12 0.7181299603174602 0.2986111111111111 0.05679563492063492 0.0582010582010582
19 0.6488095238095237 0.308531746031746 0.022817460317460316 0.0873015873015873
21 0.7483878968253967 0.17046957671957672 0.04141865079365079 0.09226190476190475
24 0.6804315476190476 0.09540343915343914 0.044394841269841265 0.09953703703703703
24 0.6125992063492063 0.07275132275132275 0.06894841269841269 0.06415343915343916
13 0.6026785714285714 0.22883597883597884 0.060019841269841265 0.07208994708994709
33 0.5811011904761905 0.32853835978835977 0.04513888888888889 0.059193121693121686
18 0.7509920634920635 0.0798611111111111 0.0625 0.06117724867724868
