12 0.09561011904761904 0.2716600529100529 0.0523313492063492 0.06911375661375661
29 0.20647321428571427 0.24900793650793648 0.03844246031746031 0.05489417989417989
1 0.19717261904761904 0.13012566137566137 0.05704365079365079 0.06117724867724868
5 0.1484375 0.19031084656084654 0.04836309523809523 0.08035714285714285
18 0.14756944444444445 0.308531746031746 0.050595238095238096 0.06613756613756613
20 0.11011904761904762 0.38955026455026454 0.05208333333333333 0.07473544973544974
24 0.18601190476190474 0.3655753968253968 0.06448412698412698 0.07705026455026455
12 0.23251488095238093 0.4054232804232804 0.05133928571428571 0.06613756613756613
2 0.26413690476190477 0.4743716931216931 0.057539682539682536 0.06514550264550265
13 0.337797619047619 0.4517195767195767 0.04067460317460317 0.0701058201058201
32 0.3597470238095238 0.36276455026455023 0.05034722222222222 0.04431216931216931
6 0.369171626984127 0.29050925925925924 0.06374007936507936 0.045304232804232805
8 0.36061507936507936 0.21494708994708994 0.0625 0.0496031746031746
26 0.3645833333333333 0.13293650793650794 0.06944444444444445 0.06084656084656084
7 0.24913194444444442 0.29811507936507936 0.046875 0.07308201058201058
15 0.2595486111111111 0.19675925925925924 0.06770833333333333 0.06878306878306878
27 0.19134424603174602 0.5434854497354497 0.05679563492063492 0.059193121693121686
21 0.13851686507936506 0.6666666666666666 0.06572420634920635 0.056216931216931214
15 0.2126736111111111 0.6314484126984127 0.058779761904761904 0.07308201058201058
17 0.21279761904761904 0.7276785714285714 0.06448412698412698 0.0777116402116402
7 0.1827876984126984 0.8245701058201058 0.05555555555555555 0.0658068783068783
24 0.2692212301587301 0.8225859788359788 0.0523313492063492 0.08763227513227513
12 0.33407738095238093 0.7445436507936507 0.047619047619047616 0.06977513227513227
4 0.2876984126984127 0.6946097883597884 0.04563492063492063 0.08432539682539682
28 0.36979166666666663 0.642691798941799 0.03819444444444444 0.05720899470899471
19 0.40104166666666663 0.7795965608465608 0.06398809523809523 0.028769841269841268
9 0.3231646825396825 0.597718253968254 0.04265873015873016 0.05654761904761904
10 0.27331349206349204 0.5567129629629629 0.0496031746031746 0.06448412698412698
19 0.37797619047619047 0.5309193121693121 0.049107142857142856 0.057870370370370364
7 0.4541170634920635 0.6378968253968254 0.061507936507936505 0.05489417989417989
24 0.4382440476190476 0.708994708994709 0.07043650793650794 0.07142857142857142
16 0.4505208333333333 0.5543981481481481 0.06721230158730158 0.06712962962962962
16 0.5541914682539683 0.5476190476190476 0.06572420634920635 0.08465608465608465
16 0.601438492063492 0.6335978835978836 0.05505952380952381 0.08994708994708994
29 0.652405753968254 0.6731150793650793 0.034970238095238096 0.048611111111111105
29 0.6390128968253967 0.8693783068783069 0.033482142857142856 0.05489417989417989
30 0.5293898809523809 0.7430555555555555 0.03298611111111111 0.05489417989417989
11 0.7297867063492063 0.6550925925925926 0.054315476190476185 0.07473544973544974
13 0.868923611111111 0.6038359788359788 0.05034722222222222 0.07407407407407407
8 0.6608382936507936 0.5608465608465608 0.0652281746031746 0.04365079365079365
8 0.7409474206349206 0.5618386243386243 0.06324404761904762 0.04828042328042328
3 0.8122519841269841 0.4839616402116402 0.061507936507936505 0.06382275132275132
17 0.6335565476190476 0.4740410052910053 0.04836309523809523 0.07638888888888888
18 0.714905753968254 0.47040343915343913 0.05679563492063492 0.06117724867724868
22 0.7966269841269841 0.7213955026455026 0.06398809523809523 0.08432539682539682
25 0.6948164682539683 0.7671957671957672 0.06919642857142856 0.07142857142857142
23 0.7415674603174602 0.8472222222222222 0.06349206349206349 0.06084656084656084
31 0.472594246031746 0.09193121693121692 0.06473214285714285 0.07142857142857142
4 0.49206349206349204 0.18154761904761904 0.06448412698412698 0.05092592592592592
1 0.4827628968253968 0.25413359788359785 0.06125992063492063 0.04794973544973545
1 0.4657738095238095 0.33465608465608465 0.06101190476190476 0.046957671957671955
6 0.5513392857142857 0.314318783068783 0.06398809523809523 0.05324074074074074
6 0.7398313492063492 0.23445767195767195 0.04414682539682539 0.07671957671957672
2 0.5634920634920635 0.23015873015873015 0.03720238095238095 0.08333333333333333
21 0.5560515873015873 0.40426587301587297 0.04365079365079365 0.08498677248677249
21 0.6688988095238095 0.1618716931216931 0.06398809523809523 0.059854497354497355
20 0.6256200396825397 0.27397486772486773 0.0404265873015873 0.08366402116402116
20 0.673735119047619 0.06960978835978836 0.05034722222222222 0.07374338624338624
9 0.5829613095238095 0.13541666666666666 0.047371031746031744 0.059193121693121686
14 0.6879960317460317 0.2638888888888889 0.050099206349206345 0.08267195767195767
11 0.7431795634920635 0.12152777777777778 0.06820436507936507 0.04133597883597884
4 0.7529761904761905 0.39087301587301587 0.06547619047619047 0.05092592592592592
27 0.6526537698412698 0.37037037037037035 0.044890873015873016 0.06613756613756613
28 0.8067956349206349 0.2835648148148148 0.04117063492063492 0.05654761904761904
