29 0.17274305555555555 0.14699074074074073 0.03993055555555555 0.057870370370370364
1 0.2378472222222222 0.15625 0.059027777777777776 0.048611111111111105
3 0.25 0.24074074074074073 0.05555555555555555 0.06944444444444445
1 0.29166666666666663 0.3125 0.048611111111111105 0.06481481481481481
7 0.34809027777777773 0.37037037037037035 0.046875 0.06944444444444445
6 0.3819444444444444 0.44791666666666663 0.04513888888888889 0.07638888888888888
2 0.484375 0.4664351851851852 0.034722222222222224 0.08564814814814814
0 0.17795138888888887 0.3969907407407407 0.043402777777777776 0.07638888888888888
13 0.22916666666666666 0.38888888888888884 0.03819444444444444 0.06944444444444445
26 0.1953125 0.28935185185185186 0.06770833333333333 0.09259259259259259
24 0.12326388888888888 0.3194444444444444 0.059027777777777776 0.06944444444444445
25 0.1189236111111111 0.41550925925925924 0.046875 0.07638888888888888
23 0.40277777777777773 0.5659722222222222 0.05555555555555555 0.057870370370370364
15 0.23958333333333331 0.5023148148148148 0.05555555555555555 0.06944444444444445
11 0.2960069444444444 0.43402777777777773 0.057291666666666664 0.057870370370370364
16 0.39496527777777773 0.16782407407407407 0.03645833333333333 0.08101851851851852
14 0.3211805555555555 0.21875 0.03819444444444444 0.07638888888888888
14 0.3046875 0.11574074074074073 0.057291666666666664 0.06944444444444445
14 0.4565972222222222 0.22453703703703703 0.05555555555555555 0.07870370370370369
17 0.5512152777777778 0.23263888888888887 0.06076388888888889 0.08101851851851852
18 0.5902777777777778 0.3657407407407407 0.05208333333333333 0.06018518518518518
9 0.4644097222222222 0.5671296296296297 0.043402777777777776 0.06018518518518518
16 0.5850694444444444 0.5532407407407407 0.048611111111111105 0.08333333333333333
32 0.5789930555555555 0.4375 0.043402777777777776 0.041666666666666664
31 0.3845486111111111 0.28009259259259256 0.043402777777777776 0.07870370370370369
31 0.5130208333333333 0.3726851851851852 0.06076388888888889 0.07870370370370369
33 0.517361111111111 0.14930555555555555 0.041666666666666664 0.057870370370370364
28 0.5989583333333333 0.17476851851851852 0.04513888888888889 0.048611111111111105
8 0.0720486111111111 0.724537037037037 0.05034722222222222 0.07407407407407407
8 0.10590277777777778 0.6469907407407407 0.05208333333333333 0.07175925925925926
30 0.1753472222222222 0.6087962962962963 0.03819444444444444 0.05555555555555555
32 0.2630208333333333 0.6076388888888888 0.03993055555555555 0.06712962962962962
29 0.3350694444444444 0.5451388888888888 0.03819444444444444 0.05324074074074074
31 0.17708333333333331 0.7997685185185185 0.05208333333333333 0.08564814814814814
32 0.3116319444444444 0.7141203703703703 0.03298611111111111 0.0625
18 0.5008680555555556 0.6805555555555555 0.046875 0.06481481481481481
18 0.3368055555555555 0.6331018518518519 0.05555555555555555 0.057870370370370364
9 0.579861111111111 0.6527777777777778 0.041666666666666664 0.05555555555555555
10 0.375 0.8460648148148148 0.04513888888888889 0.0625
27 0.23958333333333331 0.8587962962962963 0.048611111111111105 0.05555555555555555
4 0.24913194444444442 0.7314814814814814 0.06076388888888889 0.05092592592592592
24 0.15104166666666666 0.7175925925925926 0.05555555555555555 0.07870370370370369
26 0.3038194444444444 0.7974537037037036 0.06597222222222222 0.0625
22 0.3836805555555555 0.6875 0.05208333333333333 0.08333333333333333
22 0.5052083333333333 0.7881944444444444 0.05555555555555555 0.08564814814814814
19 0.5815972222222222 0.8020833333333333 0.027777777777777776 0.07175925925925926
25 0.6996527777777778 0.37152777777777773 0.05555555555555555 0.0625
21 0.7248263888888888 0.7650462962962963 0.06076388888888889 0.05324074074074074
9 0.6414930555555555 0.7083333333333333 0.03993055555555555 0.05555555555555555
12 0.8315972222222222 0.6550925925925926 0.048611111111111105 0.06018518518518518
13 0.7239583333333333 0.5659722222222222 0.05208333333333333 0.06712962962962962
28 0.751736111111111 0.673611111111111 0.034722222222222224 0.05555555555555555
3 0.6614583333333333 0.8275462962962963 0.05555555555555555 0.04398148148148148
7 0.8263888888888888 0.7708333333333333 0.05555555555555555 0.06481481481481481
0 0.6432291666666666 0.548611111111111 0.03298611111111111 0.07870370370370369
4 0.6848958333333333 0.4421296296296296 0.06076388888888889 0.046296296296296294
24 0.7005208333333333 0.6261574074074073 0.057291666666666664 0.07638888888888888
33 0.8029513888888888 0.5567129629629629 0.03993055555555555 0.05324074074074074
0 0.6805555555555555 0.18518518518518517 0.05555555555555555 0.046296296296296294
26 0.743923611111111 0.16666666666666666 0.05034722222222222 0.08796296296296297
8 0.7630208333333333 0.26967592592592593 0.03645833333333333 0.07638888888888888
20 0.6241319444444444 0.2858796296296296 0.046875 0.06712962962962962
2 0.5112847222222222 0.2743055555555555 0.046875 0.07175925925925926
17 0.697048611111111 0.26967592592592593 0.06076388888888889 0.08101851851851852
