24 0.3202227011494253 0.04660560344827586 0.05711206896551724 0.06734913793103448
19 0.2578125 0.2103987068965517 0.04328304597701149 0.06303879310344827
20 0.27262931034482757 0.30280172413793105 0.054238505747126436 0.045797413793103446
25 0.2208153735632184 0.38092672413793105 0.055854885057471264 0.058728448275862065
23 0.24048132183908047 0.5025592672413793 0.05675287356321839 0.09186422413793104
21 0.47332974137931033 0.15975215517241378 0.058010057471264365 0.07596982758620689
0 0.5157147988505747 0.09348060344827586 0.04400143678160919 0.07650862068965517
8 0.3692528735632184 0.11031788793103448 0.05639367816091954 0.051454741379310345
8 0.20905172413793102 0.16433189655172414 0.04525862068965517 0.07165948275862069
3 0.3036997126436782 0.1518049568965517 0.052801724137931036 0.0660021551724138
6 0.17447916666666666 0.2794989224137931 0.03178879310344827 0.08647629310344827
18 0.15140086206896552 0.43776939655172414 0.03556034482758621 0.07327586206896551
10 0.11170977011494253 0.32502693965517243 0.024425287356321837 0.07839439655172414
10 0.38532686781609193 0.20150862068965517 0.05190373563218391 0.04040948275862069
9 0.39179238505747127 0.2720905172413793 0.04040948275862069 0.059267241379310345
16 0.3309087643678161 0.26481681034482757 0.03430316091954023 0.08405172413793104
14 0.3259698275862069 0.3643588362068965 0.05639367816091954 0.0660021551724138
14 0.30639367816091956 0.47023168103448276 0.05962643678160919 0.07354525862068965
13 0.24802442528735633 0.0902478448275862 0.05136494252873563 0.059267241379310345
31 0.3970007183908046 0.3689385775862069 0.05621408045977012 0.0568426724137931
8 0.3628771551724138 0.5320581896551724 0.042923850574712645 0.08081896551724138
18 0.48186063218390807 0.34065193965517243 0.05387931034482758 0.060614224137931036
3 0.49245689655172414 0.25417564655172414 0.03915229885057471 0.08324353448275862
3 0.5310704022988506 0.41419719827586204 0.04777298850574713 0.07677801724137931
13 0.5569324712643678 0.1674299568965517 0.05136494252873563 0.06815732758620689
25 0.5465158045977011 0.28138469827586204 0.059985632183908046 0.07300646551724138
22 0.1292205459770115 0.58203125 0.052981321839080456 0.09132543103448276
21 0.1898347701149425 0.5823006465517241 0.052801724137931036 0.09186422413793104
11 0.18283045977011494 0.6942349137931034 0.03879310344827586 0.09051724137931035
4 0.23473419540229884 0.7165948275862069 0.033045977011494254 0.08890086206896551
6 0.28654813218390807 0.7190193965517241 0.03466235632183908 0.08997844827586207
6 0.2777478448275862 0.8250269396551724 0.06196120689655173 0.06654094827586207
7 0.33836206896551724 0.8976293103448276 0.04130747126436782 0.09321120689655173
1 0.4041846264367816 0.7730334051724138 0.0461566091954023 0.07893318965517242
2 0.3104346264367816 0.6258081896551724 0.058010057471264365 0.05765086206896552
14 0.3757183908045977 0.6361799568965517 0.036637931034482756 0.08324353448275862
20 0.33629669540229884 0.7524245689655172 0.037176724137931036 0.0894396551724138
16 0.43309985632183906 0.6732219827586207 0.044360632183908046 0.09482758620689655
15 0.500628591954023 0.5872844827586207 0.04328304597701149 0.09428879310344827
12 0.5580100574712643 0.6235183189655172 0.04130747126436782 0.0703125
29 0.4872485632183908 0.7283135775862069 0.0326867816091954 0.055765086206896554
19 0.5741738505747126 0.7908135775862069 0.02693965517241379 0.08755387931034482
30 0.6239224137931034 0.857489224137931 0.0341235632183908 0.059267241379310345
18 0.7482040229885057 0.8200431034482758 0.052801724137931036 0.06303879310344827
33 0.7957076149425287 0.7196928879310345 0.03753591954022988 0.06654094827586207
13 0.7236889367816092 0.7095905172413793 0.05190373563218391 0.07489224137931035
29 0.8009159482758621 0.5479525862068966 0.03142959770114943 0.06357758620689655
32 0.7455100574712643 0.4781788793103448 0.04741379310344827 0.047952586206896554
32 0.6407147988505747 0.7132273706896551 0.03178879310344827 0.06977370689655173
2 0.5875538793103449 0.4820851293103448 0.05477729885057471 0.055765086206896554
5 0.6212284482758621 0.6256734913793104 0.059267241379310345 0.05630387931034483
4 0.6967492816091954 0.6116648706896551 0.05836925287356322 0.05630387931034483
20 0.7251257183908046 0.5519935344827586 0.05621408045977012 0.05818965517241379
12 0.6055136494252873 0.55078125 0.045797413793103446 0.060614224137931036
26 0.6648706896551724 0.47858297413793105 0.06573275862068965 0.07893318965517242
7 0.7863685344827586 0.3949353448275862 0.052981321839080456 0.05495689655172414
4 0.6137751436781609 0.30670797413793105 0.058728448275862065 0.05738146551724138
27 0.6514906609195402 0.22615840517241378 0.04112787356321839 0.060614224137931036
19 0.6843570402298851 0.33917025862068967 0.05621408045977012 0.02693965517241379
20 0.7422772988505747 0.32233297413793105 0.035919540229885055 0.08001077586206896
24 0.7994791666666666 0.2869073275862069 0.058728448275862065 0.059267241379310345
16 0.7529633620689655 0.1892510775862069 0.03430316091954023 0.08701508620689655
11 0.7020474137931034 0.17335668103448276 0.04130747126436782 0.07839439655172414
14 0.6135057471264368 0.13523706896551724 0.05172413793103448 0.07596982758620689
