24 0.12487599206349205 0.14632936507936506 0.07118055555555555 0.06845238095238095
15 0.15984623015873015 0.23594576719576718 0.06076388888888889 0.07242063492063491
20 0.10453869047619047 0.31564153439153436 0.06175595238095238 0.05720899470899471
20 0.18638392857142855 0.4151785714285714 0.06374007936507936 0.054563492063492064
4 0.21651785714285712 0.33912037037037035 0.06894841269841269 0.053902116402116396
4 0.30865575396825395 0.36094576719576715 0.06324404761904762 0.06117724867724868
3 0.2787698412698413 0.4227843915343915 0.06200396825396825 0.0625
30 0.38913690476190477 0.3602843915343915 0.04265873015873016 0.04927248677248677
19 0.2725694444444444 0.1671626984126984 0.061507936507936505 0.021494708994708994
2 0.21081349206349206 0.11541005291005291 0.049107142857142856 0.08134920634920634
11 0.23859126984126983 0.27033730158730157 0.06547619047619047 0.045304232804232805
29 0.331969246031746 0.2536375661375661 0.04836309523809523 0.04894179894179894
2 0.41666666666666663 0.2728174603174603 0.06200396825396825 0.05026455026455026
13 0.3401537698412698 0.16451719576719576 0.043402777777777776 0.07242063492063491
24 0.40513392857142855 0.16699735449735448 0.0652281746031746 0.0582010582010582
17 0.27504960317460314 0.06299603174603174 0.06200396825396825 0.08697089947089946
12 0.13913690476190477 0.6301256613756614 0.051587301587301584 0.05324074074074074
31 0.18613591269841268 0.5606812169312169 0.07266865079365079 0.08101851851851852
19 0.20634920634920634 0.693287037037037 0.048611111111111105 0.06117724867724868
6 0.13392857142857142 0.751984126984127 0.04513888888888889 0.08664021164021163
19 0.13901289682539683 0.8677248677248677 0.05679563492063492 0.05952380952380952
0 0.20510912698412698 0.8058862433862434 0.06448412698412698 0.0667989417989418
5 0.29315476190476186 0.8485449735449735 0.06349206349206349 0.061507936507936505
32 0.36197916666666663 0.8837632275132274 0.04985119047619047 0.05191798941798942
27 0.49181547619047616 0.8291997354497354 0.04464285714285714 0.07308201058201058
23 0.4130704365079365 0.7392526455026455 0.04637896825396825 0.08697089947089946
8 0.35280257936507936 0.7418981481481481 0.038938492063492064 0.08697089947089946
22 0.28893849206349204 0.7301587301587301 0.06646825396825397 0.06349206349206349
28 0.28459821428571425 0.6309523809523809 0.05034722222222222 0.06018518518518518
5 0.33444940476190477 0.5834986772486772 0.058779761904761904 0.07308201058201058
1 0.2699652777777778 0.5228174603174602 0.06026785714285714 0.052248677248677246
1 0.41034226190476186 0.5243055555555556 0.0523313492063492 0.06779100529100529
18 0.42993551587301587 0.6258267195767195 0.058779761904761904 0.04927248677248677
26 0.5465029761904762 0.8399470899470899 0.04637896825396825 0.08994708994708994
0 0.6015625 0.8121693121693121 0.03943452380952381 0.07738095238095238
25 0.6667906746031745 0.7908399470899471 0.06374007936507936 0.0625
15 0.7299107142857142 0.7734788359788359 0.047619047619047616 0.08862433862433862
2 0.7270585317460317 0.677579365079365 0.06076388888888889 0.046957671957671955
23 0.583953373015873 0.7266865079365079 0.06671626984126984 0.06514550264550265
29 0.6566220238095237 0.7123015873015872 0.04241071428571428 0.04894179894179894
32 0.6139632936507936 0.6195436507936508 0.03149801587301587 0.06514550264550265
28 0.5372023809523809 0.6279761904761905 0.04662698412698413 0.05026455026455026
26 0.5050843253968254 0.6946097883597884 0.07118055555555555 0.06911375661375661
14 0.5558035714285714 0.5433201058201058 0.06101190476190476 0.05489417989417989
14 0.6184275793650793 0.5114087301587301 0.0404265873015873 0.08167989417989417
3 0.7052331349206349 0.5939153439153438 0.0404265873015873 0.08333333333333333
23 0.6763392857142857 0.4983465608465608 0.047619047619047616 0.08399470899470898
10 0.7611607142857142 0.501818783068783 0.05654761904761904 0.05522486772486772
6 0.576016865079365 0.05522486772486772 0.06125992063492063 0.06812169312169311
6 0.642609126984127 0.09143518518518517 0.054563492063492064 0.07572751322751323
21 0.7131696428571428 0.1013558201058201 0.053323412698412696 0.08895502645502645
21 0.5307539682539683 0.16534391534391535 0.05704365079365079 0.08994708994708994
14 0.591641865079365 0.1661706349206349 0.053323412698412696 0.07903439153439153
7 0.49888392857142855 0.2524801587301587 0.05282738095238095 0.07374338624338624
7 0.7026289682539683 0.384755291005291 0.0367063492063492 0.07903439153439153
7 0.7663690476190476 0.359292328042328 0.06448412698412698 0.05125661375661375
11 0.5944940476190476 0.29150132275132273 0.03125 0.08961640211640211
15 0.505704365079365 0.3549933862433862 0.06398809523809523 0.06183862433862433
9 0.6573660714285714 0.2071759259259259 0.04637896825396825 0.05853174603174603
24 0.7212301587301587 0.21378968253968253 0.04117063492063492 0.08895502645502645
20 0.579861111111111 0.38657407407407407 0.060019841269841265 0.056216931216931214
30 0.8024553571428571 0.2458664021164021 0.03645833333333333 0.05588624338624339
16 0.8139880952380952 0.12748015873015872 0.06200396825396825 0.08035714285714285
33 0.6449652777777778 0.32093253968253965 0.04241071428571428 0.05588624338624339
