32 0.171712158808933 0.4541845848494873 0.05161290322580645 0.0443268276546477
32 0.22630272952853597 0.1050281177638108 0.048635235732009924 0.05325835262983791
29 0.2991315136476427 0.13446907045980816 0.03598014888337469 0.05524313595765796
29 0.23287841191066996 0.3064836255375455 0.041439205955334985 0.04862719153159114
30 0.3351116625310174 0.22246113132649686 0.036972704714640196 0.057889513728084686
30 0.25769230769230766 0.4214356599404565 0.03945409429280397 0.05425074429374794
13 0.07642679900744417 0.3274892490903077 0.042679900744416875 0.07674495534237513
12 0.18424317617866004 0.36520013231888854 0.05682382133995037 0.0668210387032749
21 0.16662531017369728 0.2480979159775058 0.07220843672456576 0.07608336089976844
20 0.31129032258064515 0.3207079060535892 0.04292803970223325 0.08766126364538539
26 0.42109181141439206 0.42060866688719817 0.062034739454094295 0.10089315249751903
17 0.2032258064516129 0.18607343698312936 0.07245657568238213 0.08964604697320543
10 0.26575682382133997 0.22891167714191202 0.04119106699751861 0.07476017201455508
17 0.3569478908188586 0.3870327489249091 0.0662531017369727 0.08600727753886868
9 0.37133995037220846 0.1167714191200794 0.04590570719602978 0.06086668871981476
31 0.3781637717121588 0.2945749255706252 0.05707196029776675 0.09163083030102548
8 0.43796526054590573 0.3015216672179954 0.04317617866004963 0.08964604697320543
31 0.34280397022332504 0.552762156797883 0.06972704714640199 0.07277538868673504
31 0.21811414392059553 0.710387032748925 0.05707196029776675 0.09229242474363215
27 0.2838709677419355 0.6344690704598082 0.04466501240694789 0.06814422758848826
27 0.16042183622828785 0.6733377439629508 0.04590570719602978 0.07376778035064506
30 0.22655086848635236 0.6045319219318558 0.04119106699751861 0.04928878597419782
28 0.27431761786600495 0.7464439298709892 0.03746898263027295 0.0684750248097916
0 0.271712158808933 0.8633807476017202 0.04218362282878412 0.08269930532583526
0 0.3584367245657568 0.6667217995368839 0.06327543424317618 0.05590473040026464
3 0.34863523573200994 0.752563678465101 0.06600496277915632 0.05822031094938803
7 0.4229528535980149 0.596427390009924 0.049875930521091814 0.06946741647370162
2 0.12866004962779157 0.5888190539199472 0.05831265508684864 0.07939133311280186
9 0.09081885856079404 0.6880582203109494 0.04764267990074442 0.06152828316242144
18 0.34950372208436725 0.8488256698643732 0.04640198511166253 0.07674495534237513
16 0.1977667493796526 0.8154151505127357 0.05359801488833747 0.09659278862057559
15 0.4315136476426799 0.7482633145881575 0.07196029776674938 0.06880582203109495
16 0.1270471464019851 0.7834932186569633 0.07196029776674938 0.07442937479325175
8 0.6661290322580645 0.4497188223618922 0.041439205955334985 0.09163083030102548
3 0.7507444168734492 0.5502811776381079 0.03647642679900744 0.08898445253059875
4 0.6744416873449132 0.5757525636784652 0.06799007444168735 0.04465762487595105
4 0.5167493796526055 0.5643400595434999 0.06526054590570719 0.05822031094938803
6 0.6543424317617866 0.6812768772742309 0.05657568238213399 0.07045980813761164
2 0.6930521091811415 0.7385047965597089 0.060049627791563275 0.06715183592457824
24 0.5035980148883374 0.6895468078068144 0.0488833746898263 0.09560039695666557
26 0.7688585607940447 0.8370823685081046 0.04838709677419355 0.0982467747270923
21 0.8225806451612904 0.6424082037710883 0.06501240694789082 0.05755871650678135
23 0.7610421836228288 0.4487264306979822 0.06799007444168735 0.07045980813761164
10 0.7418114143920596 0.6741647370162092 0.0488833746898263 0.07608336089976844
12 0.8251861042183622 0.5509427720807145 0.03895781637717122 0.07310618590803837
11 0.5789081885856079 0.6826000661594444 0.044168734491315136 0.08898445253059875
14 0.607196029776675 0.7843202117102217 0.06600496277915632 0.059543499834601395
15 0.55 0.8432021171022164 0.07121588089330025 0.0740985775719484
29 0.8307692307692308 0.739497188223619 0.03722084367245657 0.05325835262983791
28 0.6063275434243176 0.5731061859080384 0.041935483870967745 0.06715183592457824
27 0.5906947890818859 0.4770095931194178 0.054838709677419356 0.05888190539199471
4 0.5160049627791563 0.1409196162752233 0.06178660049627792 0.07674495534237513
1 0.5596774193548387 0.19103539530267946 0.05533498759305211 0.07045980813761164
19 0.6501240694789082 0.33873635461462126 0.023325062034739455 0.085345683096262
21 0.7511166253101736 0.19384717168375787 0.03970223325062035 0.08600727753886868
18 0.7538461538461538 0.1027125372146874 0.06153846153846154 0.05524313595765796
24 0.6823821339950372 0.12007939133311281 0.04367245657568238 0.09593119417796891
24 0.6132754342431762 0.09874297055904731 0.06972704714640199 0.05855110817069137
16 0.5200992555831265 0.29606351306649026 0.05607940446650124 0.09394641085014886
16 0.6833746898263028 0.21022163413827324 0.07047146401985112 0.05325835262983791
12 0.7193548387096774 0.3274892490903077 0.05459057071960298 0.06086668871981476
13 0.6044665012406948 0.25917962289116775 0.058560794044665014 0.07310618590803837
33 0.5821339950372209 0.3582533906715184 0.04168734491315136 0.05822031094938803
