8 0.22674209770114942 0.25808189655172414 0.04076867816091954 0.05549568965517241
1 0.2834949712643678 0.22157866379310345 0.03753591954022988 0.060075431034482756
2 0.34132543103448276 0.24339978448275862 0.037176724137931036 0.05953663793103448
2 0.3108836206896552 0.2951239224137931 0.042385057471264365 0.0525323275862069
0 0.34608477011494254 0.3526400862068965 0.03879310344827586 0.05765086206896552
6 0.37957974137931033 0.31276939655172414 0.03466235632183908 0.0625
6 0.40957255747126436 0.3762122844827586 0.04076867816091954 0.05307112068965517
5 0.5259518678160919 0.32785560344827586 0.029274425287356323 0.0668103448275862
1 0.46875 0.23208512931034483 0.04489942528735632 0.037984913793103446
7 0.3197737068965517 0.43494073275862066 0.046515804597701146 0.04714439655172414
1 0.26104525862068967 0.41082974137931033 0.03430316091954023 0.06627155172413793
3 0.2563757183908046 0.6159752155172413 0.044360632183908046 0.06115301724137931
3 0.49982040229885055 0.6619073275862069 0.030172413793103446 0.07112068965517242
6 0.4618354885057471 0.7819234913793104 0.045797413793103446 0.05630387931034483
0 0.6137751436781609 0.7037984913793104 0.03430316091954023 0.0703125
2 0.3635057471264368 0.7121497844827586 0.03089080459770115 0.07354525862068965
7 0.6624461206896551 0.728582974137931 0.03394396551724138 0.07085129310344827
15 0.20510057471264367 0.15921336206896552 0.035919540229885055 0.07112068965517242
10 0.36961206896551724 0.1849407327586207 0.03089080459770115 0.05738146551724138
10 0.2630208333333333 0.3236799568965517 0.03430316091954023 0.060614224137931036
9 0.2416487068965517 0.533270474137931 0.0461566091954023 0.05522629310344827
11 0.335308908045977 0.5183189655172413 0.035919540229885055 0.07058189655172414
12 0.4233117816091954 0.5460668103448276 0.033045977011494254 0.05765086206896552
13 0.430316091954023 0.6821120689655172 0.04202586206896552 0.05495689655172414
16 0.6502334770114943 0.5479525862068966 0.0454382183908046 0.07489224137931035
10 0.7200969827586207 0.4769665948275862 0.043642241379310345 0.0369073275862069
12 0.6708872126436781 0.34132543103448276 0.03430316091954023 0.05818965517241379
15 0.4839260057471264 0.4632273706896552 0.052981321839080456 0.06169181034482758
17 0.7137212643678161 0.7564655172413793 0.052083333333333336 0.07758620689655173
17 0.6333512931034483 0.2816540948275862 0.04076867816091954 0.06492456896551724
13 0.5334949712643678 0.24892241379310345 0.03394396551724138 0.059267241379310345
16 0.31636135057471265 0.6033135775862069 0.03142959770114943 0.07785560344827586
21 0.25960847701149425 0.15126616379310345 0.0454382183908046 0.06869612068965517
19 0.1604705459770115 0.23424030172413793 0.037176724137931036 0.05199353448275862
23 0.4167564655172414 0.27882543103448276 0.042923850574712645 0.07543103448275862
21 0.29247485632183906 0.5091594827586207 0.03178879310344827 0.07273706896551724
18 0.17043821839080459 0.5243803879310345 0.04418103448275862 0.055765086206896554
18 0.18920617816091953 0.6092403017241379 0.04005028735632184 0.06384698275862069
24 0.3657507183908046 0.5990032327586207 0.03466235632183908 0.07893318965517242
19 0.2849317528735632 0.6896551724137931 0.048670977011494254 0.03987068965517241
26 0.281878591954023 0.7570043103448276 0.05621408045977012 0.0668103448275862
25 0.23186063218390804 0.8161368534482758 0.054238505747126436 0.07731681034482758
23 0.5426544540229885 0.7374730603448276 0.052262931034482756 0.06169181034482758
20 0.47737068965517243 0.5620959051724138 0.040948275862068964 0.06492456896551724
20 0.5774066091954023 0.6018318965517241 0.03987068965517241 0.06734913793103448
20 0.5900682471264368 0.5063308189655172 0.04076867816091954 0.06115301724137931
25 0.53125 0.5245150862068966 0.04489942528735632 0.07650862068965517
19 0.4927262931034483 0.3934536637931034 0.042923850574712645 0.04714439655172414
26 0.555944683908046 0.1830549568965517 0.05334051724137931 0.07246767241379311
21 0.6098239942528736 0.20299030172413793 0.03538074712643678 0.0703125
22 0.5838721264367815 0.2828663793103448 0.048132183908045974 0.04525862068965517
24 0.6943247126436781 0.2583512931034483 0.04130747126436782 0.07112068965517242
23 0.673760775862069 0.6352370689655172 0.04076867816091954 0.07758620689655173
33 0.3194145114942529 0.15113146551724138 0.03178879310344827 0.05387931034482758
31 0.2132722701149425 0.35735452586206895 0.0490301724137931 0.07408405172413793
30 0.38110632183908044 0.48747306034482757 0.029454022988505746 0.051454741379310345
29 0.7252155172413793 0.6492456896551724 0.0326867816091954 0.05334051724137931
28 0.71246408045977 0.5498383620689655 0.029454022988505746 0.0625
29 0.5523527298850575 0.4269935344827586 0.02819683908045977 0.05441810344827586
27 0.7092313218390804 0.375 0.0341235632183908 0.06303879310344827
33 0.6726831896551724 0.18790409482758622 0.037895114942528736 0.0525323275862069
32 0.4718929597701149 0.2957974137931034 0.04040948275862069 0.036637931034482756
32 0.4202586206896552 0.19127155172413793 0.030172413793103446 0.059267241379310345
31 0.6414331896551724 0.4490840517241379 0.0497485632183908 0.07273706896551724
