1 0.30450790229885055 0.17874461206896552 0.0454382183908046 0.04768318965517241
2 0.4510596264367816 0.23989762931034483 0.043642241379310345 0.05630387931034483
2 0.618444683908046 0.5045797413793104 0.0461566091954023 0.04040948275862069
8 0.33369252873563215 0.3018588362068966 0.04489942528735632 0.0525323275862069
8 0.3781429597701149 0.34779094827586204 0.046515804597701146 0.052801724137931036
8 0.4610272988505747 0.3371497844827586 0.04489942528735632 0.042295258620689655
5 0.5461566091954023 0.23168103448275862 0.04202586206896552 0.059267241379310345
5 0.6869612068965517 0.21861530172413793 0.033764367816091954 0.0660021551724138
3 0.5739044540229885 0.29754849137931033 0.03394396551724138 0.06492456896551724
3 0.2755028735632184 0.39372306034482757 0.04777298850574713 0.05522629310344827
3 0.7249461206896551 0.29754849137931033 0.0461566091954023 0.048760775862068964
6 0.7237787356321839 0.3762122844827586 0.033045977011494254 0.0703125
6 0.6736709770114943 0.4849137931034483 0.02693965517241379 0.078125
4 0.5598958333333334 0.4426185344827586 0.04076867816091954 0.06627155172413793
0 0.39251077586206895 0.6747036637931034 0.04256465517241379 0.06384698275862069
7 0.6135057471264368 0.7004310344827586 0.04777298850574713 0.047952586206896554
7 0.7420977011494253 0.6590786637931034 0.03879310344827586 0.05953663793103448
15 0.3444683908045977 0.705145474137931 0.05100574712643678 0.060614224137931036
10 0.2853807471264368 0.6853448275862069 0.04130747126436782 0.04956896551724138
11 0.32983117816091956 0.47790948275862066 0.02244971264367816 0.07273706896551724
13 0.367816091954023 0.6037176724137931 0.04130747126436782 0.061422413793103446
17 0.3147449712643678 0.5534752155172413 0.05262212643678161 0.07570043103448276
12 0.3161817528735632 0.3603178879310345 0.04005028735632184 0.0546875
16 0.2953484195402299 0.2525592672413793 0.04256465517241379 0.07300646551724138
16 0.3661997126436782 0.1705280172413793 0.04849137931034483 0.07165948275862069
17 0.4042744252873563 0.20083512931034483 0.048132183908045974 0.07085129310344827
12 0.4149604885057471 0.28448275862068967 0.03825431034482758 0.05818965517241379
11 0.5208333333333334 0.3150592672413793 0.024066091954022987 0.07300646551724138
14 0.5418462643678161 0.3793103448275862 0.042385057471264365 0.07058189655172414
15 0.6757363505747126 0.3153286637931034 0.04256465517241379 0.06223060344827586
15 0.6584051724137931 0.5782596982758621 0.03556034482758621 0.08001077586206896
13 0.6901939655172413 0.634698275862069 0.03627873563218391 0.06303879310344827
9 0.7159662356321839 0.4931303879310345 0.03466235632183908 0.050915948275862065
18 0.35551364942528735 0.2482489224137931 0.042923850574712645 0.0546875
18 0.4287895114942529 0.748248922413793 0.03753591954022988 0.06115301724137931
23 0.36476293103448276 0.4123114224137931 0.05136494252873563 0.06438577586206896
25 0.36637931034482757 0.5219558189655172 0.048850574712643674 0.07408405172413793
21 0.24964080459770113 0.5691002155172413 0.05064655172413793 0.04714439655172414
19 0.32489224137931033 0.7601023706896551 0.03879310344827586 0.05199353448275862
20 0.4688397988505747 0.6884428879310345 0.04328304597701149 0.055765086206896554
23 0.6752873563218391 0.7184806034482758 0.041666666666666664 0.08028017241379311
19 0.6000359195402298 0.5724676724137931 0.04849137931034483 0.02693965517241379
19 0.6843570402298851 0.3973599137931034 0.018857758620689655 0.07219827586206896
25 0.7289870689655172 0.5715247844827586 0.04849137931034483 0.0568426724137931
22 0.6047054597701149 0.24703663793103448 0.03843390804597701 0.07058189655172414
22 0.6196120689655172 0.16796875 0.04777298850574713 0.04714439655172414
26 0.6459231321839081 0.23397090517241378 0.04400143678160919 0.07839439655172414
25 0.6271551724137931 0.41877693965517243 0.048132183908045974 0.07839439655172414
16 0.5209231321839081 0.5981950431034483 0.05262212643678161 0.0660021551724138
10 0.6045258620689655 0.7644127155172413 0.04705459770114943 0.04714439655172414
9 0.44656968390804597 0.5348868534482758 0.03394396551724138 0.04714439655172414
33 0.40795617816091956 0.5629040948275862 0.03430316091954023 0.050915948275862065
33 0.4147808908045977 0.4665948275862069 0.03466235632183908 0.050107758620689655
33 0.6367636494252873 0.32354525862068967 0.03394396551724138 0.04849137931034483
30 0.5535201149425287 0.732623922413793 0.029094827586206896 0.055765086206896554
30 0.5635775862068966 0.6468211206896551 0.030172413793103446 0.05334051724137931
30 0.8019037356321839 0.6140894396551724 0.0334051724137931 0.04391163793103448
29 0.4365122126436782 0.6338900862068966 0.03430316091954023 0.0447198275862069
29 0.591864224137931 0.3798491379310345 0.03214798850574713 0.04849137931034483
32 0.6380208333333334 0.6448006465517241 0.04040948275862069 0.04283405172413793
27 0.30495689655172414 0.6263469827586207 0.03879310344827586 0.058728448275862065
28 0.26023706896551724 0.5 0.035919540229885055 0.0447198275862069
33 0.2682291666666667 0.3141163793103448 0.030711206896551723 0.047952586206896554
29 0.46291307471264365 0.17537715517241378 0.02819683908045977 0.04849137931034483
