9 0.45123922413793105 0.12297952586206896 0.03178879310344827 0.04768318965517241
14 0.37616738505747127 0.22077047413793102 0.02783764367816092 0.06546336206896551
16 0.2821479885057471 0.3238146551724138 0.04202586206896552 0.06734913793103448
12 0.3345007183908046 0.33741918103448276 0.029274425287356323 0.0525323275862069
10 0.22252155172413793 0.42254849137931033 0.024066091954022987 0.060075431034482756
11 0.38397988505747127 0.42335668103448276 0.023706896551724137 0.06815732758620689
15 0.328125 0.48585668103448276 0.03879310344827586 0.06546336206896551
16 0.23311781609195403 0.5774515086206896 0.04777298850574713 0.06977370689655173
15 0.32983117816091956 0.6186691810344828 0.037895114942528736 0.06923491379310345
14 0.23347701149425287 0.7644127155172413 0.04705459770114943 0.04606681034482758
9 0.4930854885057471 0.7386853448275862 0.03466235632183908 0.05064655172413793
12 0.5739044540229885 0.6091056034482758 0.028915229885057472 0.05387931034482758
15 0.6024604885057471 0.12823275862068964 0.037895114942528736 0.059267241379310345
14 0.5416666666666666 0.23208512931034483 0.04274425287356322 0.05630387931034483
11 0.5590876436781609 0.28582974137931033 0.0326867816091954 0.058728448275862065
13 0.6061422413793104 0.3463092672413793 0.033045977011494254 0.055765086206896554
24 0.3688038793103448 0.11907327586206896 0.03430316091954023 0.06896551724137931
21 0.31636135057471265 0.1310614224137931 0.03969109195402299 0.06869612068965517
19 0.42268318965517243 0.20703125 0.02029454022988506 0.06115301724137931
20 0.42843031609195403 0.2874461206896552 0.03178879310344827 0.06411637931034482
20 0.2180316091954023 0.28542564655172414 0.04202586206896552 0.051454741379310345
24 0.3785919540229885 0.3080549568965517 0.04741379310344827 0.04660560344827586
24 0.29920977011494254 0.4519127155172414 0.04597701149425287 0.05630387931034483
26 0.5343031609195402 0.4144665948275862 0.029094827586206896 0.06869612068965517
25 0.6298491379310345 0.42254849137931033 0.04705459770114943 0.06492456896551724
25 0.29929956896551724 0.5696390086206896 0.049389367816091954 0.06923491379310345
19 0.38397988505747127 0.5875538793103449 0.030172413793103446 0.05334051724137931
22 0.5100574712643678 0.6554418103448276 0.048132183908045974 0.05064655172413793
19 0.5686063218390804 0.6768588362068966 0.04382183908045977 0.01912715517241379
23 0.6173670977011494 0.5876885775862069 0.04400143678160919 0.04660560344827586
26 0.6295797413793104 0.7747844827586207 0.03430316091954023 0.07273706896551724
22 0.5806393678160919 0.7665678879310345 0.040948275862068964 0.07570043103448276
28 0.36682830459770116 0.5216864224137931 0.03178879310344827 0.04175646551724138
6 0.43148347701149425 0.5696390086206896 0.02747844827586207 0.06546336206896551
22 0.6759159482758621 0.7055495689655172 0.043642241379310345 0.03987068965517241
26 0.6569683908045977 0.2087823275862069 0.03915229885057471 0.07327586206896551
24 0.5729166666666666 0.19194504310344826 0.03843390804597701 0.06654094827586207
1 0.6094647988505747 0.2561961206896552 0.042923850574712645 0.045797413793103446
8 0.642510775862069 0.3285290948275862 0.02819683908045977 0.06438577586206896
33 0.6851652298850575 0.3023976293103448 0.0319683908045977 0.04175646551724138
4 0.5710308908045977 0.3759428879310345 0.028915229885057472 0.06223060344827586
0 0.5047593390804598 0.2978178879310345 0.04076867816091954 0.042295258620689655
2 0.6182650862068966 0.5102370689655172 0.04328304597701149 0.05334051724137931
7 0.5682471264367815 0.5185883620689655 0.033045977011494254 0.061422413793103446
5 0.524066091954023 0.5629040948275862 0.033045977011494254 0.06923491379310345
28 0.4964978448275862 0.4123114224137931 0.025323275862068964 0.055765086206896554
0 0.6245510057471264 0.7074353448275862 0.042923850574712645 0.045797413793103446
6 0.6197018678160919 0.6489762931034483 0.043642241379310345 0.04148706896551724
27 0.6668462643678161 0.6356411637931034 0.030172413793103446 0.06492456896551724
27 0.7076149425287356 0.6285021551724138 0.03089080459770115 0.06303879310344827
29 0.6637931034482758 0.552667025862069 0.029813218390804596 0.04714439655172414
4 0.4427083333333333 0.6949084051724138 0.040948275862068964 0.06115301724137931
29 0.3973599137931034 0.6605603448275862 0.029274425287356323 0.04525862068965517
27 0.4453125 0.4752155172413793 0.03394396551724138 0.05387931034482758
33 0.4181932471264368 0.36530172413793105 0.031070402298850573 0.03987068965517241
3 0.30917744252873564 0.7141702586206896 0.045797413793103446 0.059267241379310345
0 0.2685883620689655 0.6441271551724138 0.04040948275862069 0.061422413793103446
31 0.35820761494252873 0.7328933189655172 0.04723419540229885 0.07731681034482758
33 0.21551724137931033 0.6496497844827586 0.0305316091954023 0.04391163793103448
32 0.23374640804597702 0.19140625 0.026041666666666668 0.04714439655172414
3 0.26903735632183906 0.24339978448275862 0.03556034482758621 0.06923491379310345
30 0.32570043103448276 0.24515086206896552 0.02819683908045977 0.0447198275862069
6 0.514367816091954 0.1380657327586207 0.033045977011494254 0.0568426724137931
31 0.5549568965517241 0.1258081896551724 0.03843390804597701 0.0668103448275862
