20 0.33270474137931033 0.16500538793103448 0.0461566091954023 0.04983836206896552
24 0.34698275862068967 0.23949353448275862 0.052801724137931036 0.058728448275862065
26 0.28160919540229884 0.36516702586206895 0.04777298850574713 0.08270474137931035
19 0.3630567528735632 0.5852640086206896 0.052981321839080456 0.0390625
18 0.25610632183908044 0.6891163793103449 0.05064655172413793 0.05549568965517241
25 0.5063757183908046 0.6150323275862069 0.03825431034482758 0.08028017241379311
26 0.591864224137931 0.7237338362068966 0.05765086206896552 0.06977370689655173
23 0.7114762931034483 0.6876346982758621 0.055854885057471264 0.07839439655172414
25 0.7342852011494253 0.5647898706896551 0.049389367816091954 0.08378232758620689
19 0.6755567528735632 0.5284213362068966 0.037176724137931036 0.06115301724137931
21 0.7533225574712643 0.3247575431034483 0.04256465517241379 0.07408405172413793
26 0.5950969827586207 0.3817349137931034 0.05836925287356322 0.08028017241379311
24 0.6131465517241379 0.15975215517241378 0.054238505747126436 0.05495689655172414
20 0.5509159482758621 0.16554418103448276 0.046515804597701146 0.05199353448275862
3 0.1648706896551724 0.33216594827586204 0.03627873563218391 0.07543103448275862
7 0.21084770114942528 0.3970905172413793 0.05064655172413793 0.05064655172413793
8 0.2749640804597701 0.4842403017241379 0.05064655172413793 0.05522629310344827
5 0.3579382183908046 0.3799838362068965 0.04525862068965517 0.0568426724137931
4 0.36898347701149425 0.5203394396551724 0.05262212643678161 0.051454741379310345
2 0.4374102011494253 0.6008890086206896 0.029274425287356323 0.07408405172413793
8 0.5134698275862069 0.5090247844827586 0.04777298850574713 0.06546336206896551
1 0.2302442528735632 0.6049299568965517 0.029094827586206896 0.07246767241379311
0 0.32641882183908044 0.6891163793103449 0.03430316091954023 0.07273706896551724
0 0.4298670977011494 0.7068965517241379 0.046875 0.043642241379310345
6 0.3739224137931034 0.7772090517241379 0.033045977011494254 0.08135775862068965
0 0.7292564655172413 0.7530980603448276 0.04328304597701149 0.0660021551724138
1 0.6337104885057471 0.6695851293103449 0.03825431034482758 0.0703125
4 0.671875 0.6278286637931034 0.04202586206896552 0.07300646551724138
5 0.5929418103448276 0.6144935344827586 0.046515804597701146 0.0668103448275862
4 0.5695043103448276 0.8060344827586207 0.05100574712643678 0.05549568965517241
3 0.6525682471264368 0.3720366379310345 0.03753591954022988 0.07165948275862069
8 0.5508261494252874 0.24407327586206895 0.048132183908045974 0.0447198275862069
2 0.6461027298850575 0.21672952586206895 0.03466235632183908 0.07354525862068965
27 0.561871408045977 0.3069773706896552 0.04076867816091954 0.050915948275862065
27 0.5001795977011494 0.23329741379310345 0.0326867816091954 0.061422413793103446
27 0.4289691091954023 0.5212823275862069 0.042923850574712645 0.05441810344827586
31 0.2592492816091954 0.27370689655172414 0.05262212643678161 0.058728448275862065
29 0.3175287356321839 0.3254310344827586 0.033045977011494254 0.052262931034482756
30 0.40966235632183906 0.34900323275862066 0.0326867816091954 0.05037715517241379
33 0.43633261494252873 0.27020474137931033 0.03142959770114943 0.05818965517241379
28 0.530621408045977 0.3927801724137931 0.03142959770114943 0.05549568965517241
30 0.36907327586206895 0.8592403017241379 0.03556034482758621 0.05199353448275862
29 0.4327406609195402 0.7887931034482758 0.03142959770114943 0.04956896551724138
33 0.6000359195402298 0.8688038793103449 0.03556034482758621 0.05495689655172414
32 0.29938936781609193 0.7796336206896551 0.030172413793103446 0.06788793103448276
29 0.6348778735632183 0.5602101293103449 0.030172413793103446 0.04768318965517241
29 0.65777658045977 0.44841056034482757 0.03430316091954023 0.04337284482758621
33 0.7132722701149425 0.19719827586206895 0.03430316091954023 0.0490301724137931
10 0.6851652298850575 0.2807112068965517 0.048132183908045974 0.03879310344827586
12 0.7067169540229885 0.37190193965517243 0.04489942528735632 0.055765086206896554
12 0.6202406609195402 0.2979525862068966 0.04005028735632184 0.0447198275862069
10 0.5910560344827586 0.5118534482758621 0.04202586206896552 0.05980603448275862
17 0.6610991379310345 0.7730334051724138 0.048132183908045974 0.07893318965517242
14 0.5151760057471264 0.7582165948275862 0.055136494252873564 0.0568426724137931
9 0.46695402298850575 0.8783674568965517 0.03879310344827586 0.060614224137931036
11 0.2323096264367816 0.8201778017241379 0.05262212643678161 0.060614224137931036
9 0.37517959770114945 0.6807650862068966 0.03627873563218391 0.058728448275862065
11 0.29714439655172414 0.6095096982758621 0.046875 0.060614224137931036
10 0.21255387931034483 0.4803340517241379 0.03753591954022988 0.06303879310344827
17 0.32228807471264365 0.4373653017241379 0.052981321839080456 0.08270474137931035
14 0.4178340517241379 0.42712823275862066 0.0497485632183908 0.060614224137931036
14 0.4624640804597701 0.3514278017241379 0.04274425287356322 0.07354525862068965
16 0.37517959770114945 0.2912176724137931 0.053520114942528736 0.06303879310344827
13 0.3975395114942529 0.17847521551724138 0.0461566091954023 0.04983836206896552
