0 0.3915229885057471 0.3954741379310345 0.03879310344827586 0.06357758620689655
1 0.3296515804597701 0.2667025862068966 0.03358477011494253 0.06196120689655173
1 0.5079920977011494 0.2723599137931034 0.04256465517241379 0.03879310344827586
0 0.6457435344827586 0.7271012931034483 0.03466235632183908 0.07165948275862069
2 0.4135237068965517 0.7389547413793104 0.03214798850574713 0.08081896551724138
2 0.38532686781609193 0.2862338362068966 0.036458333333333336 0.06546336206896551
2 0.3564116379310345 0.3380926724137931 0.04040948275862069 0.05387931034482758
1 0.31169181034482757 0.45460668103448276 0.029274425287356323 0.06654094827586207
3 0.5404094827586207 0.6888469827586207 0.027298850574712645 0.06842672413793104
5 0.5633081896551724 0.3697467672413793 0.029633620689655173 0.06869612068965517
6 0.45231681034482757 0.4175646551724138 0.04040948275862069 0.05495689655172414
6 0.4220545977011494 0.35479525862068967 0.032327586206896554 0.06196120689655173
6 0.505926724137931 0.7992995689655172 0.04418103448275862 0.052262931034482756
7 0.367816091954023 0.47454202586206895 0.04454022988505747 0.04391163793103448
7 0.6906429597701149 0.7473060344827586 0.03466235632183908 0.07058189655172414
8 0.27676005747126436 0.30495689655172414 0.04202586206896552 0.058728448275862065
19 0.21192528735632182 0.28138469827586204 0.03556034482758621 0.04822198275862069
19 0.5316091954022989 0.4319773706896552 0.03915229885057471 0.04337284482758621
19 0.3416846264367816 0.7153825431034483 0.044360632183908046 0.03259698275862069
20 0.5176005747126436 0.5969827586206896 0.03879310344827586 0.061422413793103446
20 0.6135057471264368 0.6299838362068966 0.033764367816091954 0.06492456896551724
20 0.624371408045977 0.5406788793103449 0.03681752873563218 0.0625
21 0.34375 0.5470096982758621 0.029813218390804596 0.0703125
21 0.3077406609195402 0.2005657327586207 0.04040948275862069 0.06923491379310345
21 0.6443067528735632 0.2400323275862069 0.029274425287356323 0.06842672413793104
22 0.6194324712643678 0.3201778017241379 0.048132183908045974 0.051454741379310345
23 0.57965158045977 0.7567349137931034 0.048670977011494254 0.061422413793103446
23 0.703125 0.6596174568965517 0.03987068965517241 0.07408405172413793
23 0.45698635057471265 0.3208512931034483 0.04148706896551724 0.07219827586206896
24 0.41487068965517243 0.6303879310344828 0.035919540229885055 0.07543103448275862
24 0.7265625 0.29606681034482757 0.036458333333333336 0.07273706896551724
26 0.3400682471264368 0.7781519396551724 0.05262212643678161 0.060075431034482756
25 0.29507902298850575 0.8335129310344828 0.05100574712643678 0.07165948275862069
25 0.5673491379310345 0.5553609913793104 0.04202586206896552 0.07354525862068965
26 0.5905172413793104 0.22103987068965517 0.05387931034482758 0.06869612068965517
18 0.23141163793103448 0.5639816810344828 0.04040948275862069 0.051454741379310345
18 0.24982040229885058 0.6434536637931034 0.03627873563218391 0.05630387931034483
15 0.2599676724137931 0.2117456896551724 0.037176724137931036 0.07596982758620689
10 0.4110093390804598 0.2283135775862069 0.03142959770114943 0.060075431034482756
10 0.31267959770114945 0.3661099137931034 0.033764367816091954 0.058728448275862065
11 0.2969647988505747 0.5691002155172413 0.04256465517241379 0.055765086206896554
3 0.3125 0.6483028017241379 0.041666666666666664 0.05630387931034483
16 0.36853448275862066 0.6356411637931034 0.029813218390804596 0.07839439655172414
11 0.38532686781609193 0.5561691810344828 0.03394396551724138 0.06923491379310345
13 0.4745869252873563 0.709051724137931 0.04076867816091954 0.05387931034482758
12 0.4674030172413793 0.58203125 0.030711206896551723 0.055765086206896554
16 0.6805854885057471 0.5789331896551724 0.04328304597701149 0.07165948275862069
12 0.7026760057471264 0.37742456896551724 0.03358477011494253 0.05711206896551724
17 0.6657686781609196 0.3168103448275862 0.039511494252873564 0.06788793103448276
10 0.7473958333333334 0.5082165948275862 0.04112787356321839 0.0369073275862069
32 0.4598599137931034 0.23114224137931033 0.026041666666666668 0.05818965517241379
32 0.5112248563218391 0.33607219827586204 0.04076867816091954 0.04175646551724138
17 0.7396731321839081 0.7735721982758621 0.048670977011494254 0.07300646551724138
33 0.3614403735632184 0.19383081896551724 0.03358477011494253 0.04822198275862069
33 0.7076149425287356 0.2213092672413793 0.035201149425287355 0.04822198275862069
29 0.7504489942528736 0.6695851293103449 0.030352011494252873 0.04337284482758621
29 0.5876436781609196 0.4637661637931034 0.02693965517241379 0.04714439655172414
31 0.2655352011494253 0.40382543103448276 0.045797413793103446 0.07543103448275862
31 0.672503591954023 0.4834321120689655 0.046515804597701146 0.07300646551724138
15 0.5239762931034483 0.49622844827586204 0.0490301724137931 0.05818965517241379
30 0.4253771551724138 0.5268049568965517 0.03394396551724138 0.04606681034482758
28 0.7402119252873564 0.5779903017241379 0.02783764367816092 0.05522629310344827
27 0.7404813218390804 0.4084051724137931 0.032327586206896554 0.05765086206896552
