33 0.2361111111111111 0.3310185185185185 0.034722222222222224 0.046296296296296294
27 0.3098958333333333 0.2847222222222222 0.03993055555555555 0.06018518518518518
31 0.3723958333333333 0.2847222222222222 0.05381944444444444 0.05092592592592592
29 0.4314236111111111 0.38078703703703703 0.03298611111111111 0.048611111111111105
28 0.4375 0.2847222222222222 0.034722222222222224 0.046296296296296294
29 0.5946180555555555 0.40162037037037035 0.03298611111111111 0.04398148148148148
30 0.5789930555555555 0.14699074074074073 0.03645833333333333 0.034722222222222224
32 0.3741319444444444 0.4930555555555555 0.029513888888888888 0.05555555555555555
20 0.2725694444444444 0.4108796296296296 0.041666666666666664 0.0625
19 0.3741319444444444 0.14467592592592593 0.029513888888888888 0.05324074074074074
21 0.5295138888888888 0.10648148148148148 0.034722222222222224 0.06944444444444445
6 0.5026041666666666 0.2847222222222222 0.029513888888888888 0.06944444444444445
5 0.3237847222222222 0.35995370370370366 0.05034722222222222 0.039351851851851846
5 0.3862847222222222 0.3935185185185185 0.03993055555555555 0.06481481481481481
0 0.3142361111111111 0.2048611111111111 0.048611111111111105 0.048611111111111105
8 0.4331597222222222 0.14930555555555555 0.046875 0.05324074074074074
0 0.3958333333333333 0.0798611111111111 0.048611111111111105 0.05324074074074074
2 0.5772569444444444 0.2222222222222222 0.05034722222222222 0.046296296296296294
4 0.6371527777777778 0.21064814814814814 0.048611111111111105 0.037037037037037035
3 0.6336805555555555 0.28935185185185186 0.027777777777777776 0.06481481481481481
2 0.6527777777777778 0.38425925925925924 0.03125 0.06944444444444445
5 0.6796875 0.3055555555555555 0.029513888888888888 0.06481481481481481
1 0.6901041666666666 0.23032407407407407 0.029513888888888888 0.06712962962962962
6 0.7256944444444444 0.2997685185185185 0.03125 0.06712962962962962
14 0.2534722222222222 0.22800925925925924 0.05208333333333333 0.048611111111111105
12 0.20138888888888887 0.2523148148148148 0.034722222222222224 0.05555555555555555
15 0.38541666666666663 0.2175925925925926 0.05208333333333333 0.05092592592592592
14 0.6432291666666666 0.15162037037037035 0.046875 0.04398148148148148
11 0.548611111111111 0.5277777777777778 0.048611111111111105 0.06018518518518518
9 0.3003472222222222 0.5358796296296297 0.041666666666666664 0.048611111111111105
21 0.5703125 0.2858796296296296 0.05034722222222222 0.04398148148148148
27 0.7118055555555555 0.1412037037037037 0.041666666666666664 0.05092592592592592
19 0.5946180555555555 0.4872685185185185 0.03993055555555555 0.057870370370370364
18 0.6727430555555555 0.47916666666666663 0.046875 0.05092592592592592
10 0.24479166666666666 0.5729166666666666 0.05208333333333333 0.039351851851851846
10 0.21875 0.6458333333333333 0.05208333333333333 0.037037037037037035
24 0.4296875 0.5671296296296297 0.05381944444444444 0.05092592592592592
26 0.3654513888888889 0.6782407407407407 0.057291666666666664 0.06481481481481481
26 0.5277777777777778 0.6886574074074073 0.05208333333333333 0.08101851851851852
15 0.41666666666666663 0.7268518518518519 0.05208333333333333 0.06018518518518518
17 0.3498263888888889 0.7581018518518519 0.05034722222222222 0.07175925925925926
17 0.359375 0.599537037037037 0.041666666666666664 0.06944444444444445
11 0.2942708333333333 0.642361111111111 0.043402777777777776 0.06712962962962962
9 0.2517361111111111 0.7106481481481481 0.034722222222222224 0.05555555555555555
16 0.19791666666666666 0.7256944444444444 0.03819444444444444 0.07175925925925926
16 0.26041666666666663 0.7928240740740741 0.03819444444444444 0.08101851851851852
10 0.2144097222222222 0.8009259259259259 0.029513888888888888 0.06481481481481481
13 0.611111111111111 0.7291666666666666 0.04513888888888889 0.06481481481481481
13 0.32291666666666663 0.8912037037037036 0.048611111111111105 0.05555555555555555
30 0.3446180555555555 0.8344907407407407 0.03645833333333333 0.04398148148148148
28 0.5625 0.6087962962962963 0.041666666666666664 0.046296296296296294
1 0.6171875 0.611111111111111 0.03298611111111111 0.06944444444444445
31 0.6935763888888888 0.630787037037037 0.03993055555555555 0.07175925925925926
23 0.665798611111111 0.5520833333333333 0.043402777777777776 0.07175925925925926
18 0.7404513888888888 0.6805555555555555 0.043402777777777776 0.06018518518518518
3 0.8098958333333333 0.6273148148148148 0.046875 0.06481481481481481
3 0.8498263888888888 0.5613425925925926 0.03993055555555555 0.06712962962962962
9 0.7881944444444444 0.5289351851851851 0.041666666666666664 0.05324074074074074
16 0.828125 0.4594907407407407 0.03819444444444444 0.07175925925925926
31 0.7647569444444444 0.4270833333333333 0.05034722222222222 0.057870370370370364
2 0.7447916666666666 0.5729166666666666 0.03125 0.07175925925925926
32 0.7482638888888888 0.21875 0.027777777777777776 0.057870370370370364
33 0.7847222222222222 0.2986111111111111 0.03819444444444444 0.05092592592592592
2 0.8046875 0.16087962962962962 0.03993055555555555 0.0625
