9 0.14557291666666666 0.5453703703703704 0.05364583333333333 0.08518518518518518
30 0.209375 0.5560185185185185 0.04375 0.08055555555555556
23 0.26953125 0.5648148148148148 0.05572916666666667 0.1111111111111111
23 0.6994791666666667 0.6393518518518518 0.041666666666666664 0.10648148148148148
3 0.32734375 0.5712962962962963 0.04010416666666667 0.1111111111111111
13 0.38619791666666664 0.5856481481481481 0.04635416666666667 0.09722222222222222
21 0.43984375 0.5930555555555556 0.04635416666666667 0.11203703703703703
16 0.49505208333333334 0.600925925925926 0.03697916666666667 0.1111111111111111
1 0.5463541666666667 0.6078703703703704 0.03854166666666667 0.11203703703703703
15 0.5986979166666667 0.6273148148148148 0.0515625 0.1175925925925926
0 0.6486979166666667 0.6324074074074074 0.04010416666666667 0.10185185185185185
0 0.79765625 0.6601851851851852 0.03697916666666667 0.10555555555555556
20 0.7484375 0.6518518518518519 0.041666666666666664 0.1037037037037037
22 0.8440104166666667 0.6671296296296296 0.04114583333333333 0.10833333333333334