22 0.05651041666666667 0.5708333333333333 0.050520833333333334 0.11018518518518519
18 0.34661458333333334 0.5555555555555556 0.0421875 0.1
18 0.40338541666666666 0.549074074074074 0.0421875 0.1
22 0.74609375 0.549537037037037 0.050520833333333334 0.11018518518518519
2 0.11510416666666666 0.5708333333333333 0.04583333333333333 0.11203703703703703
20 0.17578125 0.5680555555555555 0.0453125 0.10462962962962963
15 0.23020833333333332 0.5643518518518519 0.053125 0.11018518518518519
23 0.2908854166666667 0.562037037037037 0.05364583333333333 0.10925925925925926
5 0.4596354166666667 0.55 0.0515625 0.10925925925925926
24 0.5205729166666667 0.55 0.044270833333333336 0.10925925925925926
6 0.5747395833333333 0.5449074074074074 0.04010416666666667 0.10648148148148148
7 0.6299479166666667 0.5472222222222223 0.043229166666666666 0.1037037037037037
30 0.6895833333333333 0.5518518518518518 0.041666666666666664 0.06851851851851852
10 0.8052083333333333 0.5453703703703704 0.035416666666666666 0.1