11 0.21510416666666668 0.4023148148148148 0.05416666666666667 0.14351851851851852
11 0.471875 0.4699074074074074 0.051041666666666666 0.13425925925925927
27 0.28854166666666664 0.4166666666666667 0.05416666666666667 0.11481481481481481
2 0.3528645833333333 0.4361111111111111 0.04010416666666667 0.12962962962962962
16 0.41510416666666666 0.449537037037037 0.05 0.13796296296296295
15 0.5278645833333333 0.4773148148148148 0.050520833333333334 0.1287037037037037
14 0.5830729166666667 0.48657407407407405 0.043229166666666666 0.12129629629629629
13 0.6348958333333333 0.4981481481481482 0.042708333333333334 0.10185185185185185
10 0.6825520833333333 0.5120370370370371 0.0421875 0.10740740740740741
20 0.7307291666666667 0.524074074074074 0.040625 0.11481481481481481
4 0.7778645833333333 0.5361111111111111 0.03697916666666667 0.11296296296296296
12 0.8223958333333333 0.5481481481481482 0.035416666666666666 0.09074074074074075
12 0.8674479166666667 0.5601851851851852 0.0359375 0.1
17 0.9065104166666667 0.5685185185185185 0.0390625 0.11296296296296296