8 0.9395833333333333 0.537962962962963 0.04791666666666667 0.12037037037037036
19 0.8828125 0.5398148148148149 0.03229166666666667 0.11296296296296296
18 0.8286458333333333 0.5425925925925926 0.040625 0.1037037037037037
0 0.771875 0.5472222222222223 0.04583333333333333 0.10925925925925926
6 0.7119791666666667 0.5481481481481482 0.042708333333333334 0.11481481481481481
28 0.653125 0.5388888888888889 0.0375 0.08888888888888889
25 0.5932291666666667 0.5472222222222223 0.051041666666666666 0.12407407407407407
14 0.5333333333333333 0.5481481481481482 0.04375 0.1111111111111111
10 0.4703125 0.5518518518518518 0.036458333333333336 0.11481481481481481
32 0.40625 0.5537037037037037 0.04375 0.0962962962962963
16 0.3411458333333333 0.5564814814814815 0.046875 0.12777777777777777
6 0.271875 0.5601851851851852 0.04791666666666667 0.12407407407407407
29 0.2046875 0.5574074074074075 0.04895833333333333 0.08888888888888889
13 0.13072916666666667 0.5611111111111111 0.06145833333333333 0.1037037037037037