19 0.084375 0.46944444444444444 0.03229166666666667 0.12222222222222222
21 0.14921875 0.4689814814814815 0.05364583333333333 0.13425925925925927
33 0.21744791666666666 0.462037037037037 0.049479166666666664 0.08888888888888889
31 0.27682291666666664 0.4648148148148148 0.050520833333333334 0.11481481481481481
31 0.5643229166666667 0.4564814814814815 0.04114583333333333 0.10185185185185185
27 0.3375 0.4638888888888889 0.04375 0.09259259259259259
27 0.45390625 0.45601851851851855 0.0421875 0.09537037037037037
29 0.39479166666666665 0.4615740740740741 0.0375 0.0824074074074074
23 0.50859375 0.4564814814814815 0.0453125 0.1111111111111111
30 0.6205729166666667 0.4564814814814815 0.0359375 0.08333333333333333
27 0.6684895833333333 0.4597222222222222 0.04114583333333333 0.09351851851851851
4 0.7205729166666667 0.45601851851851855 0.04010416666666667 0.10277777777777777
28 0.7747395833333334 0.45925925925925926 0.04010416666666667 0.07777777777777778
29 0.8265625 0.45601851851851855 0.040625 0.08425925925925926