22 0.04505208333333333 0.5972222222222222 0.0578125 0.12222222222222222
22 0.7559895833333333 0.5657407407407408 0.0578125 0.12222222222222222
2 0.10390625 0.5986111111111111 0.04114583333333333 0.125
20 0.16223958333333333 0.5879629629629629 0.0453125 0.1037037037037037
15 0.22213541666666667 0.5842592592592593 0.05260416666666667 0.11481481481481481
23 0.2794270833333333 0.5814814814814815 0.05260416666666667 0.10740740740740741
5 0.45729166666666665 0.5699074074074074 0.03854166666666667 0.11018518518518519
24 0.5158854166666667 0.5736111111111111 0.050520833333333334 0.12129629629629629
6 0.5736979166666667 0.5736111111111111 0.0421875 0.1175925925925926
7 0.6330729166666667 0.5634259259259259 0.04114583333333333 0.11203703703703703
30 0.6979166666666666 0.5694444444444444 0.04895833333333333 0.08333333333333333
10 0.8145833333333333 0.5652777777777778 0.040625 0.11574074074074074
18 0.33828125 0.5745370370370371 0.0515625 0.11388888888888889
18 0.39765625 0.5699074074074074 0.0515625 0.11388888888888889