19 0.11458333333333333 0.45 0.03229166666666667 0.14814814814814814
21 0.18776041666666668 0.44537037037037036 0.0609375 0.12962962962962962
33 0.2559895833333333 0.4449074074074074 0.05572916666666667 0.09351851851851851
31 0.321875 0.4425925925925926 0.052083333333333336 0.13518518518518519
31 0.59765625 0.44166666666666665 0.04010416666666667 0.1111111111111111
27 0.38046875 0.4439814814814815 0.0484375 0.10277777777777777
27 0.49557291666666664 0.43703703703703706 0.04114583333333333 0.10185185185185185
27 0.6924479166666667 0.4462962962962963 0.03697916666666667 0.0962962962962963
29 0.44088541666666664 0.4361111111111111 0.0390625 0.08703703703703704
29 0.8223958333333333 0.44675925925925924 0.029166666666666667 0.07314814814814814
28 0.7796875 0.4462962962962963 0.03333333333333333 0.07777777777777778
4 0.7359375 0.44675925925925924 0.0375 0.11203703703703703
30 0.6484375 0.4388888888888889 0.03333333333333333 0.08148148148148149
23 0.5481770833333334 0.44166666666666665 0.0453125 0.11666666666666667