21 0.11588541666666667 0.462037037037037 0.0578125 0.1425925925925926
3 0.18958333333333333 0.47129629629629627 0.05416666666666667 0.13148148148148148
3 0.8255208333333334 0.5347222222222222 0.03125 0.09907407407407408
19 0.26145833333333335 0.4777777777777778 0.041666666666666664 0.12222222222222222
26 0.328125 0.48148148148148145 0.05520833333333333 0.13518518518518519
0 0.3921875 0.4888888888888889 0.03958333333333333 0.1259259259259259
24 0.44869791666666664 0.5 0.04739583333333333 0.1259259259259259
8 0.5046875 0.5055555555555555 0.03958333333333333 0.12222222222222222
33 0.55625 0.5078703703703704 0.040625 0.0787037037037037
21 0.6072916666666667 0.5115740740740741 0.041666666666666664 0.08981481481481482
4 0.6552083333333333 0.5138888888888888 0.034375 0.1111111111111111
13 0.7010416666666667 0.5217592592592593 0.03854166666666667 0.09537037037037037
13 0.7434895833333334 0.5236111111111111 0.034895833333333334 0.09537037037037037
1 0.7869791666666667 0.5324074074074074 0.03125 0.10185185185185185