10 0.79296875 0.5601851851851852 0.0265625 0.09444444444444444
22 0.7533854166666667 0.5597222222222222 0.0359375 0.10648148148148148
22 0.09036458333333333 0.5324074074074074 0.0640625 0.15185185185185185
2 0.16666666666666666 0.5324074074074074 0.058333333333333334 0.13518518518518519
20 0.23984375 0.5402777777777777 0.05364583333333333 0.1398148148148148
15 0.303125 0.5430555555555555 0.053125 0.14351851851851852
23 0.3651041666666667 0.5398148148148149 0.04583333333333333 0.13148148148148148
18 0.42473958333333334 0.5430555555555555 0.04010416666666667 0.11944444444444445
18 0.47994791666666664 0.5314814814814814 0.04010416666666667 0.10555555555555556
5 0.5315104166666667 0.5421296296296296 0.034895833333333334 0.11944444444444445
24 0.5791666666666667 0.55 0.0375 0.11666666666666667
6 0.6265625 0.5513888888888889 0.034375 0.11388888888888889
7 0.67109375 0.5541666666666667 0.0328125 0.10648148148148148
30 0.7135416666666666 0.5555555555555556 0.030208333333333334 0.07037037037037037