11 0.15052083333333333 0.6138888888888889 0.04895833333333333 0.10925925925925926
18 0.21041666666666667 0.6064814814814815 0.04791666666666667 0.09814814814814815
20 0.26458333333333334 0.6027777777777777 0.03958333333333333 0.10925925925925926
26 0.3234375 0.5962962962962963 0.046875 0.1111111111111111
27 0.3802083333333333 0.5990740740740741 0.03958333333333333 0.08703703703703704
1 0.4317708333333333 0.5851851851851851 0.034375 0.10740740740740741
31 0.4869791666666667 0.5814814814814815 0.040625 0.1037037037037037
15 0.5380208333333333 0.575 0.04479166666666667 0.10555555555555556
19 0.5921875 0.5703703703703704 0.03229166666666667 0.1037037037037037
0 0.6442708333333333 0.5666666666666667 0.034375 0.1
9 0.6947916666666667 0.5555555555555556 0.03958333333333333 0.07777777777777778
17 0.7473958333333334 0.5527777777777778 0.053125 0.09814814814814815
30 0.7979166666666667 0.5444444444444444 0.0375 0.08148148148148149
15 0.8473958333333333 0.5435185185185185 0.04895833333333333 0.10925925925925926
21 0.8994791666666667 0.5388888888888889 0.046875 0.1
10 0.9494791666666667 0.5370370370370371 0.03854166666666667 0.1037037037037037