22 0.09140625 0.6638888888888889 0.034895833333333334 0.10185185185185185
18 0.3140625 0.6069444444444444 0.03958333333333333 0.09166666666666666
18 0.3619791666666667 0.5907407407407408 0.03958333333333333 0.09814814814814815
22 0.68828125 0.5319444444444444 0.04739583333333333 0.125
2 0.13515625 0.6513888888888889 0.028645833333333332 0.09907407407407408
20 0.17942708333333332 0.6449074074074074 0.0328125 0.09907407407407408
15 0.221875 0.6319444444444444 0.0375 0.10092592592592593
23 0.2669270833333333 0.6185185185185185 0.03697916666666667 0.1037037037037037
5 0.4122395833333333 0.5828703703703704 0.04114583333333333 0.11018518518518519
24 0.46510416666666665 0.5763888888888888 0.04375 0.12129629629629629
6 0.5171875 0.5634259259259259 0.03958333333333333 0.11203703703703703
7 0.5713541666666667 0.549537037037037 0.0375 0.12129629629629629
30 0.6276041666666666 0.5416666666666666 0.041666666666666664 0.08888888888888889
10 0.75078125 0.5157407407407407 0.043229166666666666 0.1259259259259259