19 0.039322916666666666 0.45601851851851855 0.03802083333333333 0.11944444444444445
21 0.09921875 0.4527777777777778 0.05364583333333333 0.11296296296296296
33 0.15807291666666667 0.4527777777777778 0.050520833333333334 0.08333333333333333
31 0.22135416666666666 0.44583333333333336 0.05416666666666667 0.11018518518518519
31 0.51328125 0.43842592592592594 0.049479166666666664 0.11018518518518519
27 0.28125 0.44537037037037036 0.04791666666666667 0.1037037037037037
27 0.3997395833333333 0.4388888888888889 0.04739583333333333 0.1037037037037037
27 0.628125 0.43425925925925923 0.046875 0.10740740740740741
29 0.33828125 0.44074074074074077 0.0421875 0.07592592592592592
29 0.8078125 0.4388888888888889 0.03958333333333333 0.08518518518518518
23 0.45703125 0.4337962962962963 0.04739583333333333 0.11574074074074074
30 0.5721354166666667 0.43472222222222223 0.0453125 0.09537037037037037
4 0.6888020833333334 0.4305555555555556 0.04635416666666667 0.11666666666666667
28 0.7463541666666667 0.44074074074074077 0.04583333333333333 0.09444444444444444