24 0.049479166666666664 0.44537037037037036 0.059375 0.12777777777777777
24 0.16927083333333334 0.44166666666666665 0.059375 0.12777777777777777
9 0.10963541666666667 0.44212962962962965 0.0484375 0.0824074074074074
16 0.2864583333333333 0.42916666666666664 0.04791666666666667 0.11388888888888889
17 0.4041666666666667 0.4111111111111111 0.05520833333333333 0.11296296296296296
12 0.6356770833333333 0.40879629629629627 0.04114583333333333 0.09351851851851851
10 0.8096354166666667 0.3972222222222222 0.033854166666666664 0.1037037037037037
1 0.34609375 0.42407407407407405 0.044270833333333336 0.11481481481481481
1 0.46380208333333334 0.4148148148148148 0.044270833333333336 0.11481481481481481
2 0.5776041666666667 0.4078703703703704 0.034375 0.10833333333333334
3 0.69296875 0.4027777777777778 0.04114583333333333 0.10740740740740741
25 0.2296875 0.43703703703703706 0.052083333333333336 0.11666666666666667
29 0.5231770833333333 0.41435185185185186 0.04114583333333333 0.08055555555555556
31 0.753125 0.4041666666666667 0.04895833333333333 0.11018518518518519