19 0.18489583333333334 0.6509259259259259 0.022916666666666665 0.1037037037037037
21 0.22265625 0.6504629629629629 0.028645833333333332 0.10462962962962963
33 0.259375 0.6388888888888888 0.028125 0.06851851851851852
31 0.2989583333333333 0.6435185185185185 0.036458333333333336 0.10185185185185185
31 0.52265625 0.6222222222222222 0.0453125 0.11666666666666667
27 0.3377604166666667 0.6412037037037037 0.0296875 0.09537037037037037
27 0.6369791666666667 0.6180555555555556 0.046875 0.10092592592592593
27 0.42604166666666665 0.6277777777777778 0.0375 0.09814814814814815
28 0.3802083333333333 0.6314814814814815 0.03125 0.07222222222222222
28 0.8377604166666667 0.6101851851851852 0.0484375 0.1
30 0.5778645833333333 0.6208333333333333 0.044270833333333336 0.09166666666666666
23 0.4752604166666667 0.6259259259259259 0.04635416666666667 0.12407407407407407
4 0.6979166666666666 0.6171296296296296 0.042708333333333334 0.1361111111111111
28 0.76796875 0.6231481481481481 0.05364583333333333 0.12407407407407407