3 0.8455729166666667 0.5708333333333333 0.03802083333333333 0.09722222222222222
1 0.80390625 0.5675925925925925 0.03177083333333333 0.10555555555555556
13 0.7544270833333333 0.5606481481481481 0.043229166666666666 0.08425925925925926
13 0.7052083333333333 0.5597222222222222 0.0375 0.08981481481481482
4 0.6565104166666667 0.5532407407407407 0.04010416666666667 0.10462962962962963
12 0.6052083333333333 0.5518518518518518 0.04375 0.08888888888888889
33 0.55 0.5532407407407407 0.03854166666666667 0.08055555555555556
8 0.49635416666666665 0.549537037037037 0.041666666666666664 0.1175925925925926
24 0.4401041666666667 0.5388888888888889 0.046875 0.11851851851851852
0 0.37734375 0.5361111111111111 0.0421875 0.10740740740740741
26 0.32005208333333335 0.5273148148148148 0.0515625 0.13055555555555556
19 0.24973958333333332 0.5226851851851851 0.03177083333333333 0.12314814814814815
3 0.18567708333333333 0.5231481481481481 0.05572916666666667 0.12962962962962962
21 0.109375 0.5074074074074074 0.057291666666666664 0.13333333333333333