21 0.09973958333333334 0.5046296296296297 0.04114583333333333 0.10925925925925926
3 0.15677083333333333 0.5032407407407408 0.03854166666666667 0.10092592592592593
19 0.20807291666666666 0.49953703703703706 0.027604166666666666 0.11574074074074074
26 0.2596354166666667 0.4986111111111111 0.0453125 0.11018518518518519
0 0.3138020833333333 0.4935185185185185 0.04010416666666667 0.1037037037037037
24 0.3653645833333333 0.49907407407407406 0.0421875 0.11666666666666667
8 0.4192708333333333 0.4981481481481482 0.035416666666666666 0.11296296296296296
33 0.46875 0.49722222222222223 0.04375 0.07037037037037037
12 0.5197916666666667 0.49398148148148147 0.03958333333333333 0.08425925925925926
4 0.571875 0.48935185185185187 0.03854166666666667 0.10462962962962963
13 0.6255208333333333 0.48842592592592593 0.042708333333333334 0.10092592592592593
13 0.6713541666666667 0.48518518518518516 0.04583333333333333 0.0962962962962963
1 0.7286458333333333 0.4828703703703704 0.03333333333333333 0.10833333333333334
3 0.7802083333333333 0.487962962962963 0.035416666666666666 0.10740740740740741