32 0.04973958333333333 0.5037037037037037 0.0453125 0.10185185185185185
4 0.10338541666666666 0.5023148148148148 0.0421875 0.1175925925925926
18 0.16067708333333333 0.5046296296296297 0.0421875 0.1111111111111111
26 0.21171875 0.4962962962962963 0.04635416666666667 0.11666666666666667
25 0.26875 0.49675925925925923 0.05 0.11388888888888889
25 0.578125 0.4912037037037037 0.05 0.11388888888888889
14 0.3203125 0.4976851851851852 0.040625 0.10833333333333334
14 0.47552083333333334 0.48657407407407405 0.040625 0.10833333333333334
9 0.37265625 0.49722222222222223 0.044270833333333336 0.07777777777777778
17 0.42578125 0.487962962962963 0.0484375 0.10185185185185185
7 0.5276041666666667 0.4912037037037037 0.04375 0.10277777777777777
7 0.7385416666666667 0.48935185185185187 0.04375 0.10277777777777777
11 0.6317708333333333 0.487962962962963 0.04375 0.0962962962962963
0 0.68671875 0.4861111111111111 0.043229166666666666 0.10185185185185185
19 0.78984375 0.48703703703703705 0.04010416666666667 0.10555555555555556