11 0.07552083333333333 0.5393518518518519 0.06145833333333333 0.12129629629629629
11 0.33359375 0.5199074074074074 0.0484375 0.11018518518518519
27 0.14348958333333334 0.5300925925925926 0.05260416666666667 0.10092592592592593
2 0.21067708333333332 0.5296296296296297 0.04635416666666667 0.11666666666666667
16 0.27369791666666665 0.5226851851851851 0.04739583333333333 0.12314814814814815
15 0.3919270833333333 0.5157407407407407 0.0484375 0.11851851851851852
14 0.4466145833333333 0.5078703703703704 0.043229166666666666 0.11018518518518519
13 0.49973958333333335 0.5 0.0421875 0.0962962962962963
10 0.55 0.49583333333333335 0.035416666666666666 0.09907407407407408
20 0.6013020833333333 0.49583333333333335 0.03802083333333333 0.10462962962962963
4 0.6486979166666667 0.4930555555555556 0.03697916666666667 0.10462962962962963
12 0.696875 0.48703703703703705 0.040625 0.08518518518518518
12 0.7419270833333333 0.4837962962962963 0.03697916666666667 0.08055555555555556
17 0.7877604166666666 0.4861111111111111 0.044270833333333336 0.09259259259259259