9 0.15677083333333333 0.6 0.03229166666666667 0.07407407407407407
14 0.19401041666666666 0.5976851851851852 0.03177083333333333 0.08796296296296297
10 0.22838541666666667 0.5916666666666667 0.024479166666666666 0.08703703703703704
18 0.2671875 0.5833333333333334 0.030208333333333334 0.07777777777777778
8 0.30546875 0.5787037037037037 0.027604166666666666 0.09444444444444444
8 0.6729166666666667 0.5162037037037037 0.035416666666666666 0.1175925925925926
11 0.3453125 0.5740740740740741 0.035416666666666666 0.09814814814814815
5 0.38567708333333334 0.5601851851851852 0.03177083333333333 0.09444444444444444
20 0.4270833333333333 0.55 0.03854166666666667 0.1037037037037037
26 0.47369791666666666 0.5444444444444444 0.044270833333333336 0.1111111111111111
28 0.5184895833333333 0.5356481481481481 0.03697916666666667 0.08981481481481482
2 0.5666666666666667 0.5351851851851852 0.035416666666666666 0.10555555555555556
6 0.73046875 0.5055555555555555 0.04739583333333333 0.12222222222222222
22 0.6223958333333334 0.5254629629629629 0.04791666666666667 0.1175925925925926