21 0.09713541666666667 0.5578703703703703 0.04114583333333333 0.10462962962962963
3 0.15052083333333333 0.5601851851851852 0.04583333333333333 0.10925925925925926
19 0.20338541666666668 0.5555555555555556 0.033854166666666664 0.1037037037037037
26 0.25885416666666666 0.5555555555555556 0.046875 0.11481481481481481
0 0.3111979166666667 0.5513888888888889 0.03697916666666667 0.10648148148148148
24 0.36223958333333334 0.5560185185185185 0.0421875 0.11574074074074074
8 0.41380208333333335 0.5550925925925926 0.03802083333333333 0.11574074074074074
33 0.4661458333333333 0.5532407407407407 0.042708333333333334 0.075
12 0.5166666666666667 0.5513888888888889 0.041666666666666664 0.09722222222222222
4 0.56796875 0.5476851851851852 0.033854166666666664 0.10092592592592593
13 0.6190104166666667 0.5458333333333333 0.04635416666666667 0.09537037037037037
13 0.6703125 0.5453703703703704 0.040625 0.09074074074074075
1 0.7216145833333333 0.5435185185185185 0.0390625 0.1
3 0.77421875 0.5453703703703704 0.043229166666666666 0.10185185185185185