13 0.20052083333333334 0.5962962962962963 0.051041666666666666 0.11851851851851852
29 0.2630208333333333 0.5962962962962963 0.04895833333333333 0.08888888888888889
6 0.3223958333333333 0.5861111111111111 0.040625 0.12777777777777777
16 0.3854166666666667 0.575 0.04583333333333333 0.13148148148148148
32 0.4432291666666667 0.5694444444444444 0.046875 0.09444444444444444
10 0.5036458333333333 0.5638888888888889 0.034375 0.11666666666666667
14 0.5625 0.5537037037037037 0.0375 0.11851851851851852
25 0.61875 0.55 0.04375 0.11481481481481481
28 0.6760416666666667 0.5416666666666666 0.03958333333333333 0.08333333333333333
6 0.7322916666666667 0.5425925925925926 0.03958333333333333 0.11851851851851852
0 0.7880208333333333 0.5407407407407407 0.042708333333333334 0.1111111111111111
18 0.84375 0.5296296296296297 0.04375 0.1111111111111111
19 0.9010416666666666 0.5222222222222223 0.0375 0.1111111111111111
8 0.9536458333333333 0.5185185185185185 0.042708333333333334 0.11481481481481481