19 0.14192708333333334 0.6805555555555556 0.024479166666666666 0.1037037037037037
21 0.18125 0.6777777777777778 0.0375 0.10925925925925926
33 0.22317708333333333 0.6708333333333333 0.033854166666666664 0.09537037037037037
31 0.26588541666666665 0.6638888888888889 0.03802083333333333 0.10740740740740741
31 0.5127604166666667 0.6347222222222222 0.0453125 0.125
27 0.31171875 0.6601851851851852 0.03802083333333333 0.09444444444444444
27 0.40859375 0.6398148148148148 0.03802083333333333 0.09444444444444444
27 0.6291666666666667 0.624537037037037 0.04895833333333333 0.10833333333333334
29 0.3578125 0.6467592592592593 0.03333333333333333 0.07314814814814814
29 0.8309895833333333 0.6064814814814815 0.05572916666666667 0.1
28 0.75859375 0.6138888888888889 0.0484375 0.10925925925925926
30 0.5690104166666666 0.6282407407407408 0.0453125 0.08981481481481482
4 0.6934895833333333 0.6171296296296296 0.044270833333333336 0.13240740740740742
23 0.45859375 0.6365740740740741 0.04635416666666667 0.12314814814814815