22 0.07005208333333333 0.5453703703703704 0.05364583333333333 0.12407407407407407
22 0.8174479166666667 0.6060185185185185 0.05260416666666667 0.11574074074074074
18 0.4088541666666667 0.5662037037037037 0.042708333333333334 0.10648148148148148
18 0.4713541666666667 0.5671296296296297 0.042708333333333334 0.10648148148148148
2 0.14375 0.549537037037037 0.052083333333333336 0.12314814814814815
20 0.21067708333333332 0.5578703703703703 0.049479166666666664 0.11944444444444445
24 0.28203125 0.5587962962962963 0.0546875 0.11574074074074074
23 0.3458333333333333 0.5657407407407408 0.051041666666666666 0.11851851851851852
5 0.5322916666666667 0.575 0.04791666666666667 0.11481481481481481
24 0.5916666666666667 0.5842592592592593 0.046875 0.12407407407407407
6 0.64453125 0.587037037037037 0.0484375 0.11851851851851852
7 0.7028645833333333 0.5912037037037037 0.04114583333333333 0.1175925925925926
30 0.7591145833333334 0.5990740740740741 0.03697916666666667 0.07592592592592592
10 0.86953125 0.6143518518518518 0.034895833333333334 0.10092592592592593