6 0.05911458333333333 0.4305555555555556 0.05572916666666667 0.12222222222222222
28 0.11744791666666667 0.43472222222222223 0.050520833333333334 0.08796296296296297
26 0.1828125 0.44351851851851853 0.051041666666666666 0.12037037037037036
32 0.24140625 0.4412037037037037 0.04010416666666667 0.10092592592592593
29 0.3015625 0.4449074074074074 0.041666666666666664 0.075
8 0.35989583333333336 0.45555555555555555 0.04375 0.10740740740740741
15 0.415625 0.45787037037037037 0.051041666666666666 0.11018518518518519
5 0.46822916666666664 0.4597222222222222 0.04375 0.10462962962962963
16 0.52734375 0.46574074074074073 0.04114583333333333 0.10555555555555556
33 0.5794270833333334 0.4703703703703704 0.044270833333333336 0.08518518518518518
18 0.6315104166666666 0.4699074074074074 0.04114583333333333 0.09537037037037037
21 0.68515625 0.48055555555555557 0.04635416666666667 0.10555555555555556
17 0.7356770833333334 0.4810185185185185 0.050520833333333334 0.10277777777777777
31 0.7869791666666667 0.4842592592592593 0.04791666666666667 0.10555555555555556