21 0.05 0.5634259259259259 0.05 0.11203703703703703
3 0.109375 0.5634259259259259 0.04375 0.11203703703703703
3 0.7997395833333333 0.5601851851851852 0.03697916666666667 0.10185185185185185
1 0.7447916666666666 0.5537037037037037 0.041666666666666664 0.10185185185185185
13 0.6864583333333333 0.5569444444444445 0.04375 0.09537037037037037
13 0.6299479166666667 0.5574074074074075 0.043229166666666666 0.08888888888888889
4 0.57109375 0.5527777777777778 0.03697916666666667 0.10925925925925926
12 0.5151041666666667 0.5652777777777778 0.041666666666666664 0.08981481481481482
33 0.46041666666666664 0.5625 0.040625 0.08425925925925926
8 0.3997395833333333 0.5611111111111111 0.044270833333333336 0.1111111111111111
24 0.346875 0.5601851851851852 0.04583333333333333 0.10925925925925926
0 0.28932291666666665 0.5615740740740741 0.0421875 0.09907407407407408
26 0.22916666666666666 0.5587962962962963 0.05520833333333333 0.11018518518518519
19 0.17057291666666666 0.5634259259259259 0.03177083333333333 0.10277777777777777