9 0.08046875 0.4773148148148148 0.05364583333333333 0.09907407407407408
14 0.14088541666666668 0.4810185185185185 0.04739583333333333 0.10462962962962963
10 0.20130208333333333 0.487962962962963 0.03697916666666667 0.10740740740740741
18 0.26067708333333334 0.48148148148148145 0.050520833333333334 0.09814814814814815
8 0.32421875 0.4925925925925926 0.04114583333333333 0.11666666666666667
11 0.37942708333333336 0.4875 0.043229166666666666 0.11574074074074074
5 0.4317708333333333 0.48564814814814816 0.040625 0.10833333333333334
20 0.4869791666666667 0.49722222222222223 0.04375 0.10740740740740741
26 0.5450520833333333 0.49398148148148147 0.04635416666666667 0.11388888888888889
28 0.5921875 0.49074074074074076 0.04583333333333333 0.10185185185185185
2 0.6442708333333333 0.4981481481481482 0.03854166666666667 0.10740740740740741
8 0.7497395833333333 0.5037037037037037 0.0390625 0.10740740740740741
6 0.8059895833333334 0.5101851851851852 0.03697916666666667 0.11666666666666667
22 0.6989583333333333 0.5032407407407408 0.04375 0.10648148148148148