32 0.1796875 0.6541666666666667 0.05 0.12314814814814815
4 0.24583333333333332 0.6578703703703703 0.058333333333333334 0.13425925925925927
18 0.3111979166666667 0.662962962962963 0.05572916666666667 0.12222222222222222
26 0.3736979166666667 0.6560185185185186 0.0484375 0.125
25 0.43307291666666664 0.6620370370370371 0.05364583333333333 0.12407407407407407
25 0.75859375 0.6949074074074074 0.0484375 0.11574074074074074
14 0.49192708333333335 0.6717592592592593 0.044270833333333336 0.11574074074074074
14 0.6520833333333333 0.6814814814814815 0.05 0.1111111111111111
9 0.5453125 0.6782407407407407 0.04583333333333333 0.08055555555555556
17 0.6002604166666666 0.6731481481481482 0.05260416666666667 0.11296296296296296
7 0.7075520833333333 0.6851851851851852 0.04010416666666667 0.12037037037037036
7 0.90703125 0.7050925925925926 0.043229166666666666 0.11018518518518519
0 0.8583333333333333 0.6990740740740741 0.040625 0.1
11 0.8088541666666667 0.6939814814814815 0.04583333333333333 0.11944444444444445
19 0.9515625 0.7083333333333334 0.021875 0.11666666666666667