24 0.28958333333333336 0.41574074074074074 0.05520833333333333 0.13518518518518519
9 0.34869791666666666 0.44212962962962965 0.0484375 0.09351851851851851
24 0.39895833333333336 0.4726851851851852 0.04583333333333333 0.12314814814814815
25 0.45078125 0.49583333333333335 0.0421875 0.11203703703703703
16 0.49453125 0.5203703703703704 0.034895833333333334 0.12777777777777777
1 0.53828125 0.5347222222222222 0.034895833333333334 0.11018518518518519
1 0.6182291666666667 0.5745370370370371 0.027083333333333334 0.10092592592592593
17 0.5799479166666667 0.5513888888888889 0.0390625 0.10648148148148148
29 0.6546875 0.5907407407407408 0.027083333333333334 0.06296296296296296
2 0.6880208333333333 0.6143518518518518 0.021875 0.10092592592592593
12 0.7197916666666667 0.6319444444444444 0.03125 0.0824074074074074
3 0.7526041666666666 0.6453703703703704 0.022916666666666665 0.09259259259259259
31 0.7822916666666667 0.6662037037037037 0.025 0.10277777777777777
10 0.809375 0.674537037037037 0.019791666666666666 0.08981481481481482