6 0.146875 0.4125 0.053125 0.14722222222222223
28 0.21901041666666668 0.4125 0.049479166666666664 0.1175925925925926
26 0.28489583333333335 0.4185185185185185 0.058333333333333334 0.14074074074074075
32 0.34765625 0.4134259259259259 0.044270833333333336 0.11944444444444445
29 0.40546875 0.42685185185185187 0.0390625 0.09259259259259259
8 0.453125 0.4263888888888889 0.035416666666666666 0.125
15 0.50234375 0.43148148148148147 0.04114583333333333 0.12037037037037036
5 0.54765625 0.43194444444444446 0.0328125 0.11388888888888889
16 0.5927083333333333 0.4337962962962963 0.03333333333333333 0.11574074074074074
33 0.6333333333333333 0.4398148148148148 0.03333333333333333 0.06851851851851852
18 0.6723958333333333 0.43472222222222223 0.030208333333333334 0.09537037037037037
21 0.70625 0.44074074074074077 0.029166666666666667 0.1
17 0.7427083333333333 0.43703703703703706 0.030208333333333334 0.09259259259259259
31 0.77578125 0.4393518518518518 0.0296875 0.09907407407407408