24 0.03229166666666667 0.4412037037037037 0.05520833333333333 0.125
24 0.153125 0.4356481481481482 0.05520833333333333 0.12314814814814815
25 0.21510416666666668 0.43796296296296294 0.053125 0.12037037037037036
9 0.09713541666666667 0.44074074074074077 0.05364583333333333 0.09444444444444444
12 0.61640625 0.4074074074074074 0.03802083333333333 0.09074074074074075
10 0.7859375 0.3939814814814815 0.0375 0.10462962962962963
16 0.2747395833333333 0.42592592592592593 0.0515625 0.11296296296296296
17 0.3890625 0.40925925925925927 0.059375 0.11666666666666667
1 0.33177083333333335 0.41898148148148145 0.04479166666666667 0.11018518518518519
1 0.44479166666666664 0.4060185185185185 0.0375 0.1175925925925926
2 0.55859375 0.4064814814814815 0.04114583333333333 0.10925925925925926
2 0.6729166666666667 0.4064814814814815 0.03854166666666667 0.10555555555555556
29 0.50234375 0.41064814814814815 0.03697916666666667 0.07314814814814814
31 0.72890625 0.4013888888888889 0.049479166666666664 0.10833333333333334