22 0.17708333333333334 0.5861111111111111 0.058333333333333334 0.16111111111111112
22 0.7966145833333333 0.6671296296296296 0.0296875 0.10833333333333334
18 0.496875 0.6180555555555556 0.04375 0.12314814814814815
18 0.5463541666666667 0.6162037037037037 0.04375 0.12314814814814815
2 0.2518229166666667 0.5916666666666667 0.04635416666666667 0.15185185185185185
20 0.32109375 0.5990740740740741 0.04739583333333333 0.13148148148148148
15 0.3854166666666667 0.6055555555555555 0.051041666666666666 0.14629629629629629
23 0.44140625 0.6106481481481482 0.0453125 0.13055555555555556
5 0.5927083333333333 0.6277777777777778 0.030208333333333334 0.12222222222222222
24 0.63984375 0.6393518518518518 0.04010416666666667 0.12314814814814815
6 0.6799479166666667 0.6398148148148148 0.028645833333333332 0.11666666666666667
7 0.7200520833333334 0.6462962962962963 0.034895833333333334 0.11296296296296296
30 0.76171875 0.6546296296296297 0.027604166666666666 0.07592592592592592
10 0.8315104166666667 0.6703703703703704 0.027604166666666666 0.10740740740740741