6 0.0546875 0.4842592592592593 0.04479166666666667 0.10925925925925926
28 0.10885416666666667 0.47685185185185186 0.036458333333333336 0.08333333333333333
26 0.16432291666666668 0.47453703703703703 0.044270833333333336 0.11944444444444445
32 0.21510416666666668 0.47453703703703703 0.040625 0.09907407407407408
29 0.27239583333333334 0.47453703703703703 0.035416666666666666 0.09166666666666666
8 0.32578125 0.4736111111111111 0.04010416666666667 0.10833333333333334
15 0.37916666666666665 0.475 0.046875 0.1111111111111111
5 0.43411458333333336 0.4759259259259259 0.034895833333333334 0.10740740740740741
16 0.48828125 0.4726851851851852 0.0421875 0.12314814814814815
33 0.53984375 0.4689814814814815 0.0421875 0.08611111111111111
18 0.5942708333333333 0.4685185185185185 0.040625 0.1037037037037037
21 0.6466145833333333 0.4675925925925926 0.0359375 0.10925925925925926
17 0.7005208333333334 0.4648148148148148 0.053125 0.10740740740740741
31 0.75390625 0.4587962962962963 0.0453125 0.11388888888888889