31 0.69921875 0.562962962962963 0.05572916666666667 0.12407407407407407
17 0.6411458333333333 0.5805555555555556 0.057291666666666664 0.11851851851851852
21 0.5869791666666667 0.5962962962962963 0.04895833333333333 0.1259259259259259
18 0.5325520833333334 0.6023148148148149 0.04635416666666667 0.11944444444444445
33 0.47942708333333334 0.6138888888888889 0.03802083333333333 0.08888888888888889
16 0.4322916666666667 0.6180555555555556 0.035416666666666666 0.11018518518518519
5 0.384375 0.6333333333333333 0.03958333333333333 0.11481481481481481
15 0.3359375 0.6425925925925926 0.040625 0.10925925925925926
8 0.29609375 0.6513888888888889 0.028645833333333332 0.10277777777777777
29 0.25052083333333336 0.6560185185185186 0.027083333333333334 0.06574074074074074
32 0.20989583333333334 0.6625 0.027083333333333334 0.08981481481481482
26 0.16927083333333334 0.6773148148148148 0.036458333333333336 0.10462962962962963
28 0.12916666666666668 0.6856481481481481 0.03125 0.0824074074074074
6 0.09140625 0.6930555555555555 0.0296875 0.09166666666666666