5 0.15535201149425287 0.3364762931034483 0.03915229885057471 0.03017241379310345
7 0.20061063218390804 0.33001077586206895 0.029454022988505746 0.05495689655172414
7 0.5934806034482759 0.2516163793103448 0.025682471264367818 0.05872844827586207
2 0.3389906609195402 0.48518318965517243 0.026041666666666668 0.05441810344827586
2 0.6443965517241379 0.3147898706896552 0.03017241379310345 0.051454741379310345
2 0.6563397988505747 0.21834590517241378 0.023168103448275863 0.0568426724137931
1 0.7042923850574713 0.25969827586206895 0.03178879310344827 0.05387931034482758
1 0.647808908045977 0.7947198275862069 0.03699712643678161 0.04418103448275862
0 0.6265265804597702 0.6449353448275862 0.03142959770114943 0.05334051724137931
6 0.5530711206896551 0.73046875 0.042923850574712645 0.0390625
6 0.3416846264367816 0.7891971982758621 0.026400862068965518 0.05037715517241379
6 0.2624820402298851 0.4810075431034483 0.02173132183908046 0.05199353448275862
1 0.3818247126436782 0.9137931034482759 0.03843390804597701 0.03879310344827586
0 0.25287356321839083 0.7592941810344828 0.029454022988505746 0.051454741379310345
0 0.3055854885057471 0.3382273706896552 0.03502155172413793 0.03852370689655173
19 0.3728448275862069 0.4007273706896552 0.029454022988505746 0.042295258620689655
19 0.4208872126436782 0.3851023706896552 0.013469827586206896 0.05630387931034483
20 0.5296336206896551 0.8120959051724138 0.02514367816091954 0.055765086206896554
20 0.38936781609195403 0.6282327586206896 0.033045977011494254 0.050107758620689655
20 0.2838541666666667 0.21026400862068967 0.03178879310344827 0.04714439655172414
24 0.22530531609195403 0.39924568965517243 0.042923850574712645 0.050107758620689655
25 0.16388290229885058 0.4067887931034483 0.04005028735632184 0.059267241379310345
26 0.19010416666666666 0.2549838362068966 0.046515804597701146 0.05953663793103448
22 0.2408405172413793 0.6236530172413793 0.03627873563218391 0.032327586206896554
26 0.2817887931034483 0.7962015086206896 0.04489942528735632 0.05953663793103448
23 0.4834770114942529 0.8050915948275862 0.027658045977011495 0.05522629310344827
21 0.5971623563218391 0.47575431034482757 0.03879310344827586 0.0490301724137931
23 0.665948275862069 0.3805226293103448 0.03915229885057471 0.060614224137931036
9 0.5299030172413793 0.9109644396551724 0.03142959770114943 0.04660560344827586
11 0.23428520114942528 0.2335668103448276 0.037176724137931036 0.028556034482758622
12 0.37374281609195403 0.31788793103448276 0.035201149425287355 0.04040948275862069
14 0.16549928160919541 0.48760775862068967 0.03502155172413793 0.05441810344827586
17 0.23123204022988506 0.6982758620689655 0.04005028735632184 0.052262931034482756
12 0.3155531609195402 0.6606950431034483 0.029813218390804596 0.04660560344827586
13 0.2299748563218391 0.880792025862069 0.03430316091954023 0.05091594827586207
14 0.2770294540229885 0.89453125 0.03430316091954023 0.05899784482758621
15 0.31375718390804597 0.8452316810344828 0.03017241379310345 0.05953663793103448
15 0.5711206896551724 0.8624730603448276 0.027298850574712645 0.055765086206896554
12 0.6173670977011494 0.8568157327586207 0.03178879310344827 0.03852370689655173
16 0.6330818965517241 0.7218480603448276 0.0305316091954023 0.06115301724137931
9 0.7086027298850575 0.8546605603448276 0.026400862068965518 0.04175646551724138
10 0.5796515804597702 0.6848060344827587 0.037176724137931036 0.03125
10 0.5555854885057471 0.6196120689655172 0.024964080459770114 0.056573275862068964
11 0.48473419540229884 0.6761853448275862 0.023706896551724137 0.05818965517241379
11 0.4927262931034483 0.4163523706896552 0.03466235632183908 0.05037715517241379
18 0.4865301724137931 0.49191810344827586 0.032327586206896554 0.043642241379310345
4 0.560614224137931 0.4469288793103448 0.026041666666666668 0.05387931034482758
9 0.5644755747126436 0.34684806034482757 0.027298850574712645 0.03636853448275862
17 0.6133261494252874 0.40436422413793105 0.03987068965517242 0.05818965517241379
8 0.4947916666666667 0.22898706896551724 0.03879310344827586 0.03556034482758621
30 0.5351113505747126 0.2626616379310345 0.02173132183908046 0.036637931034482756
33 0.5206537356321839 0.32623922413793105 0.02442528735632184 0.04040948275862069
27 0.5474137931034483 0.517645474137931 0.029094827586206896 0.04337284482758621
27 0.6365840517241379 0.5192618534482759 0.025323275862068964 0.0525323275862069
32 0.6872306034482759 0.5859375 0.03178879310344827 0.03178879310344827
28 0.6821120689655172 0.6961206896551724 0.02478448275862069 0.04040948275862069
32 0.6849856321839081 0.7662984913793104 0.023347701149425287 0.04714439655172414
29 0.3542564655172414 0.8562769396551724 0.025682471264367818 0.0412176724137931
31 0.3806573275862069 0.8094019396551724 0.029274425287356323 0.06115301724137931
31 0.4163074712643678 0.7505387931034483 0.029813218390804596 0.0625
27 0.3720366379310345 0.75 0.03753591954022988 0.04040948275862069
28 0.39924568965517243 0.6936961206896551 0.0305316091954023 0.036637931034482756
32 0.4053520114942529 0.48370150862068967 0.027298850574712645 0.037984913793103446
28 0.3661997126436782 0.2722252155172414 0.02658045977011494 0.033674568965517244