0 0.3331537356321839 0.26427801724137934 0.04454022988505747 0.03987068965517242
6 0.17456896551724138 0.36637931034482757 0.029454022988505746 0.07165948275862069
2 0.4738685344827586 0.46955818965517243 0.042923850574712645 0.06627155172413793
5 0.24838362068965517 0.5587284482758621 0.04741379310344827 0.06196120689655173
1 0.29570761494252873 0.7007004310344828 0.03430316091954023 0.07650862068965517
5 0.23329741379310345 0.7485183189655172 0.05567528735632184 0.05091594827586207
5 0.2937320402298851 0.7956627155172413 0.051544540229885055 0.06438577586206896
7 0.4980244252873563 0.7017780172413793 0.05172413793103448 0.05387931034482758
8 0.6236530172413793 0.8455010775862069 0.037176724137931036 0.08324353448275862
3 0.6300287356321839 0.5828394396551724 0.035201149425287355 0.0746228448275862
5 0.7122844827586207 0.5513200431034483 0.04597701149425287 0.06923491379310345
3 0.6814834770114943 0.47077047413793105 0.051544540229885055 0.0525323275862069
8 0.7416487068965517 0.4482758620689655 0.04112787356321839 0.07219827586206896
7 0.6901939655172413 0.35142780172413796 0.03627873563218391 0.06492456896551724
25 0.2984015804597701 0.16594827586206898 0.05334051724137931 0.0625
21 0.27209051724137934 0.27761314655172414 0.04992816091954023 0.04822198275862069
19 0.2784662356321839 0.34563577586206895 0.049389367816091954 0.026400862068965518
24 0.2215337643678161 0.3426724137931034 0.03430316091954023 0.07165948275862069
26 0.23527298850574713 0.4314385775862069 0.048132183908045974 0.08270474137931035
22 0.33001077586206895 0.3560075431034483 0.031070402298850573 0.06654094827586207
18 0.3292025862068966 0.4375 0.04741379310344827 0.05064655172413793
18 0.20411278735632185 0.5127963362068966 0.043642241379310345 0.0546875
20 0.4396551724137931 0.3480603448275862 0.04705459770114943 0.045797413793103446
23 0.5647449712643678 0.30455280172413796 0.04400143678160919 0.07516163793103449
23 0.4245689655172414 0.4175646551724138 0.053520114942528736 0.05872844827586207
19 0.4234913793103448 0.5556303879310345 0.04885057471264368 0.03475215517241379
24 0.3537176724137931 0.6741648706896551 0.05549568965517242 0.05630387931034483
21 0.3984375 0.8611260775862069 0.05765086206896552 0.07516163793103449
25 0.5570222701149425 0.7043372844827587 0.046515804597701146 0.08270474137931035
22 0.6912715517241379 0.6763200431034483 0.04741379310344827 0.08755387931034483
18 0.7461386494252874 0.6866918103448276 0.043642241379310345 0.07058189655172414
14 0.4702765804597701 0.19962284482758622 0.046875 0.061422413793103446
17 0.45842313218390807 0.2555226293103448 0.049389367816091954 0.06546336206896551
17 0.5222701149425287 0.2739762931034483 0.04885057471264368 0.07058189655172414
17 0.5740840517241379 0.40611530172413796 0.0490301724137931 0.07408405172413793
14 0.5291846264367817 0.3810614224137931 0.04005028735632184 0.0703125
16 0.544989224137931 0.4717133620689655 0.055854885057471264 0.06196120689655173
18 0.6051544540229885 0.5036368534482759 0.046515804597701146 0.05091594827586207
9 0.4071479885057471 0.48060344827586204 0.036637931034482756 0.050107758620689655
10 0.3655711206896552 0.5902478448275862 0.04974856321839081 0.03933189655172414
9 0.4322916666666667 0.7671066810344828 0.039511494252873564 0.05630387931034483
15 0.21084770114942528 0.8433459051724138 0.04489942528735632 0.08863146551724138
15 0.5159841954022989 0.6204202586206896 0.04130747126436782 0.08512931034482758
13 0.5765086206896551 0.6037176724137931 0.03915229885057471 0.06734913793103449
11 0.591864224137931 0.763604525862069 0.025682471264367818 0.08324353448275862
11 0.7290768678160919 0.7797683189655172 0.028915229885057472 0.08647629310344827
14 0.6373922413793104 0.6674299568965517 0.03771551724137931 0.07839439655172414
13 0.642510775862069 0.3879310344827586 0.037895114942528736 0.06303879310344827
12 0.7245869252873564 0.31559806034482757 0.037895114942528736 0.060614224137931036
9 0.48473419540229884 0.1263469827586207 0.035201149425287355 0.04956896551724138
22 0.532507183908046 0.1827855603448276 0.04741379310344827 0.07300646551724138
32 0.37248563218390807 0.10950969827586207 0.03915229885057471 0.04283405172413793
27 0.24739583333333334 0.21767241379310345 0.03969109195402299 0.045797413793103446
28 0.35982399425287354 0.1892510775862069 0.029274425287356323 0.051454741379310345
31 0.4032866379310345 0.2200969827586207 0.037895114942528736 0.0668103448275862
30 0.37841235632183906 0.3577586206896552 0.029094827586206896 0.04956896551724138
30 0.5121228448275862 0.5255926724137931 0.03178879310344827 0.05064655172413793
32 0.40651939655172414 0.6691810344827587 0.028915229885057472 0.061422413793103446
29 0.30450790229885055 0.6198814655172413 0.03538074712643678 0.043642241379310345
33 0.34249281609195403 0.8370150862068966 0.033764367816091954 0.052801724137931036
29 0.6677442528735632 0.7591594827586207 0.03556034482758621 0.05495689655172414
33 0.46632543103448276 0.6134159482758621 0.03178879310344827 0.05387931034482758
30 0.6883979885057471 0.2566002155172414 0.029454022988505746 0.04175646551724138
27 0.593121408045977 0.23168103448275862 0.03394396551724138 0.05818965517241379