4 0.3194145114942529 0.27761314655172414 0.03466235632183908 0.05953663793103448
3 0.36108117816091956 0.3089978448275862 0.038613505747126436 0.05441810344827586
6 0.4785380747126437 0.3683997844827586 0.03358477011494253 0.05738146551724138
29 0.27720905172413796 0.3460398706896552 0.026760057471264368 0.03852370689655173
0 0.22961566091954022 0.6500538793103449 0.04112787356321839 0.0490301724137931
8 0.5142780172413793 0.5979256465517241 0.03394396551724138 0.06115301724137931
6 0.5743534482758621 0.4330549568965517 0.042385057471264365 0.044989224137931036
7 0.6174568965517241 0.31842672413793105 0.02658045977011494 0.0603448275862069
31 0.452496408045977 0.2716864224137931 0.046515804597701146 0.06223060344827586
30 0.5122126436781609 0.2595635775862069 0.02693965517241379 0.03744612068965517
30 0.5707614942528736 0.28057650862068967 0.032327586206896554 0.049299568965517244
29 0.5977909482758621 0.38739224137931033 0.026041666666666668 0.03825431034482758
28 0.5788433908045977 0.5101023706896551 0.02658045977011494 0.04660560344827586
32 0.5380747126436781 0.47588900862068967 0.032327586206896554 0.03475215517241379
32 0.2782866379310345 0.5200700431034483 0.024964080459770114 0.05414870689655173
16 0.31627155172413796 0.5650592672413793 0.033045977011494254 0.0703125
16 0.3644935344827586 0.5766433189655172 0.03286637931034483 0.07085129310344827
14 0.3438397988505747 0.6399515086206896 0.042923850574712645 0.05091594827586207
11 0.41424209770114945 0.6557112068965517 0.029274425287356323 0.06734913793103449
13 0.4443247126436782 0.5777209051724138 0.039511494252873564 0.0568426724137931
14 0.48320761494252873 0.5338092672413793 0.03897270114942529 0.06492456896551724
11 0.46470905172413796 0.46282327586206895 0.037895114942528736 0.05334051724137931
22 0.5416666666666666 0.37365301724137934 0.04454022988505747 0.050107758620689655
26 0.5181393678160919 0.32556573275862066 0.048132183908045974 0.05630387931034483
16 0.4343570402298851 0.3698814655172414 0.03897270114942529 0.06627155172413793
20 0.37895114942528735 0.4660560344827586 0.0305316091954023 0.06088362068965517
24 0.3010057471264368 0.40234375 0.041666666666666664 0.05738146551724138
18 0.3453663793103448 0.3671875 0.036637931034482756 0.0490301724137931
19 0.6031788793103449 0.5748922413793104 0.03466235632183908 0.04633620689655173
21 0.5895294540229885 0.6530172413793104 0.047234195402298854 0.05172413793103448
18 0.2557471264367816 0.5851293103448276 0.040229885057471264 0.0490301724137931
24 0.2911278735632184 0.6600215517241379 0.035919540229885055 0.07165948275862069
22 0.6163793103448276 0.2421875 0.03987068965517242 0.04633620689655173
18 0.2600574712643678 0.7059536637931034 0.028376436781609195 0.055765086206896554
7 0.24110991379310345 0.8650323275862069 0.024964080459770114 0.06788793103448276
9 0.2834051724137931 0.7645474137931034 0.031609195402298854 0.04633620689655173
10 0.3280352011494253 0.7134967672413793 0.038613505747126436 0.04391163793103448
33 0.3501257183908046 0.8799838362068966 0.028915229885057472 0.048760775862068964
31 0.34967672413793105 0.7630657327586207 0.04920977011494253 0.06546336206896551
9 0.4031070402298851 0.8790409482758621 0.03286637931034483 0.0490301724137931
15 0.45860272988505746 0.9071928879310345 0.043642241379310345 0.06815732758620689
21 0.42717313218390807 0.78125 0.046515804597701146 0.0668103448275862
26 0.44917385057471265 0.7042025862068966 0.04777298850574713 0.07650862068965517
13 0.5126616379310345 0.6826508620689655 0.04256465517241379 0.059267241379310345
30 0.561242816091954 0.7471713362068966 0.0326867816091954 0.04337284482758621
27 0.6223958333333334 0.8774245689655172 0.037176724137931036 0.05387931034482758
30 0.383441091954023 0.7118803879310345 0.027658045977011495 0.04283405172413793
3 0.5267600574712644 0.8151939655172413 0.027658045977011495 0.06896551724137931
0 0.4743175287356322 0.8293372844827587 0.045617816091954026 0.04337284482758621
14 0.6845366379310345 0.8366109913793104 0.029274425287356323 0.07085129310344827
12 0.6733117816091954 0.7648168103448276 0.03735632183908046 0.04310344827586207
15 0.6592133620689655 0.69140625 0.0475933908045977 0.05899784482758621
10 0.7003412356321839 0.5662715517241379 0.03825431034482758 0.047952586206896554
9 0.6442169540229885 0.6085668103448276 0.03089080459770115 0.045797413793103446
5 0.6925287356321839 0.6291756465517241 0.04525862068965517 0.0568426724137931
3 0.7463182471264368 0.6608297413793104 0.044360632183908046 0.04741379310344827
5 0.6575969827586207 0.2784213362068966 0.04256465517241379 0.05091594827586207
6 0.7142600574712644 0.30455280172413796 0.035201149425287355 0.05522629310344827
14 0.669989224137931 0.3332435344827586 0.04328304597701149 0.057112068965517244
33 0.6937859195402298 0.40934806034482757 0.028376436781609195 0.03852370689655173
33 0.6410739942528736 0.41029094827586204 0.02783764367816092 0.04256465517241379
11 0.6216774425287356 0.4669989224137931 0.047234195402298854 0.02990301724137931
17 0.6463721264367817 0.5323275862068966 0.04705459770114943 0.05980603448275862
20 0.6741199712643678 0.46470905172413796 0.042205459770114945 0.04525862068965517