11 0.2696029776674938 0.14406218987760502 0.018610421836228287 0.06979821369500497
13 0.19739454094292805 0.2441283493218657 0.04739454094292804 0.04895798875289448
15 0.4785359801488834 0.4130003307972213 0.0488833746898263 0.057227919285478004
1 0.36042183622828783 0.3833939794905723 0.04838709677419355 0.04234204432682766
2 0.18176178660049627 0.32120410188554416 0.05086848635235732 0.03572609990076083
7 0.24491315136476427 0.42441283493218657 0.050620347394540945 0.03903407211379424
8 0.363151364764268 0.29523652001323186 0.03052109181141439 0.0684750248097916
5 0.4184863523573201 0.3256698643731393 0.04739454094292804 0.04664240820377109
25 0.3153846153846154 0.24115117433013564 0.032754342431761785 0.0668210387032749
25 0.2708436724565757 0.28084684088653655 0.03895781637717122 0.06615944426066821
20 0.3050868486352357 0.3637115448230235 0.04739454094292804 0.04134965266291763
26 0.1327543424317618 0.24545153820707907 0.05459057071960298 0.044988422097254385
22 0.4301488833746898 0.23883559378101224 0.05037220843672457 0.04631161098246775
9 0.5189826302729529 0.35097585180284485 0.033995037220843675 0.04631161098246775
29 0.5346153846153846 0.23354283824015878 0.031017369727047148 0.03771088322858088
29 0.4133995037220844 0.4075421766457162 0.028287841191066997 0.04035726099900761
33 0.323697270471464 0.44194508766126367 0.03598014888337469 0.04366523321204102
32 0.18014888337468982 0.39927224611313267 0.027791563275434243 0.055573933178961296
33 0.20620347394540942 0.5889844525305987 0.03523573200992556 0.042672841548130995
29 0.2843672456575682 0.7037710883228581 0.032754342431761785 0.03738008600727754
30 0.34516129032258064 0.5385378762818392 0.030272952853598014 0.04035726099900761
10 0.2075682382133995 0.8159113463446908 0.03796526054590571 0.05855110817069137
10 0.4253101736972705 0.7858087992060867 0.046153846153846156 0.04134965266291763
13 0.34280397022332504 0.8091300033079722 0.04590570719602978 0.055573933178961296
14 0.2838709677419355 0.8756202447899437 0.04913151364764268 0.05094277208071452
14 0.40260545905707196 0.6594442606682104 0.05086848635235732 0.04862719153159113
12 0.47258064516129034 0.5645054581541515 0.03250620347394541 0.05193516374462454
17 0.45831265508684865 0.6657294078729739 0.04665012406947891 0.0684750248097916
9 0.2844913151364764 0.5969235858418789 0.03647642679900744 0.045980813761164405
11 0.2393300248138958 0.5307641415812108 0.02009925558312655 0.06979821369500497
7 0.4122828784119107 0.5775719483956335 0.05086848635235732 0.03903407211379424
21 0.35372208436724567 0.7004631161098247 0.05235732009925558 0.06582864703936486
26 0.20086848635235732 0.671683757856434 0.054838709677419356 0.04531921931855772
29 0.24727047146401984 0.7861395964273901 0.0488833746898263 0.071782997022825
6 0.7700992555831265 0.759014224280516 0.039950372208436724 0.06252067482633146
2 0.6604218362282879 0.6237181607674496 0.0488833746898263 0.045980813761164405
4 0.5699751861042184 0.6943433675157129 0.048635235732009924 0.04961958319550116
0 0.5563275434243177 0.5969235858418789 0.04764267990074442 0.04796559708898445
27 0.6673697270471464 0.7160105855110817 0.039950372208436724 0.04796559708898445
4 0.7580645161290323 0.5387032748924909 0.031265508684863524 0.0684750248097916
18 0.8106699751861042 0.5985775719483957 0.03573200992555831 0.05656632484287132
18 0.6878411910669975 0.5565663248428713 0.0401985111662531 0.05061197485941118
18 0.6109181141439206 0.658617267614952 0.0401985111662531 0.048296394310287795
24 0.7801488833746898 0.6698643731392656 0.03771712158808933 0.07211379424412835
24 0.7222084367245658 0.8079722130334105 0.04590570719602978 0.06582864703936486
24 0.6225806451612903 0.5815415150512736 0.039205955334987594 0.0701290109163083
25 0.6200992555831265 0.7606682103870327 0.05260545905707196 0.07112140258021833
33 0.5580645161290323 0.7745616936817731 0.03523573200992556 0.04068805822031095
16 0.7297766749379653 0.6116440621898777 0.054094292803970226 0.0443268276546477
16 0.5602977667493797 0.49189546807806817 0.050620347394540945 0.03903407211379424
31 0.7110421836228288 0.6860734369831294 0.05384615384615385 0.06417466093284817
28 0.6657568238213399 0.48991068475024807 0.02977667493796526 0.04697320542507443
27 0.5646401985111662 0.4249090307641416 0.03796526054590571 0.04531921931855772
28 0.8286600496277916 0.34866027125372145 0.03796526054590571 0.03638769434336751
28 0.7057071960297767 0.24280516043665235 0.029280397022332507 0.051604366523321205
11 0.7667493796526055 0.3107839894144889 0.04317617866004963 0.05524313595765796
18 0.8930521091811414 0.3764472378432021 0.044168734491315136 0.04961958319550116
12 0.6616625310173697 0.32815084353291435 0.0315136476426799 0.052265960965927886
0 0.6086848635235732 0.2441283493218657 0.04218362282878412 0.05689712206417466
8 0.58287841191067 0.314753556070129 0.03424317617866005 0.06516705259675819
16 0.7333746898263027 0.3848825669864373 0.04044665012406948 0.07112140258021833
14 0.7008684863523573 0.4455838570956004 0.049379652605459054 0.05755871650678134
15 0.7964019851116625 0.4598081376116441 0.054838709677419356 0.055573933178961296
13 0.6311414392059553 0.4310287793582534 0.03945409429280397 0.058881905391994706