32 0.3812859195402299 0.11570581896551724 0.04274425287356322 0.03529094827586207
27 0.26535560344827586 0.21969288793103448 0.04040948275862069 0.04283405172413793
28 0.37329382183908044 0.1953125 0.031070402298850573 0.05118534482758621
31 0.41370330459770116 0.22588900862068967 0.03358477011494253 0.06492456896551724
30 0.38981681034482757 0.3576239224137931 0.028915229885057472 0.051454741379310345
27 0.5892600574712644 0.23720366379310345 0.0334051724137931 0.05199353448275862
30 0.5123024425287356 0.5180495689655172 0.03214798850574713 0.04525862068965517
29 0.3202227011494253 0.6051993534482759 0.03089080459770115 0.042295258620689655
32 0.4155890804597701 0.6526131465517241 0.024066091954022987 0.060075431034482756
33 0.35596264367816094 0.8088631465517241 0.033764367816091954 0.04660560344827586
29 0.6545438218390804 0.7429956896551724 0.030352011494252873 0.043642241379310345
30 0.6800466954022989 0.26643318965517243 0.03214798850574713 0.04525862068965517
25 0.3141163793103448 0.1724137931034483 0.05064655172413793 0.05818965517241379
21 0.28861350574712646 0.27882543103448276 0.05028735632183908 0.045797413793103446
19 0.29570761494252873 0.34684806034482757 0.046515804597701146 0.021282327586206896
22 0.34491738505747127 0.35573814655172414 0.030711206896551723 0.07085129310344827
20 0.44656968390804597 0.3511584051724138 0.044360632183908046 0.03852370689655173
23 0.43292025862068967 0.41945043103448276 0.0490301724137931 0.05765086206896552
24 0.24191810344827586 0.34294181034482757 0.0334051724137931 0.07112068965517242
26 0.2561961206896552 0.4261853448275862 0.04328304597701149 0.07704741379310345
19 0.43085488505747127 0.5472790948275862 0.04741379310344827 0.029364224137931036
18 0.3430316091954023 0.43494073275862066 0.041666666666666664 0.05091594827586207
24 0.3662895114942529 0.6594827586206896 0.052262931034482756 0.050107758620689655
21 0.4067887931034483 0.8341864224137931 0.05064655172413793 0.07300646551724138
25 0.5516343390804598 0.6896551724137931 0.04328304597701149 0.07650862068965517
22 0.6769935344827587 0.666082974137931 0.03933189655172414 0.07947198275862069
18 0.7270114942528736 0.6741648706896551 0.03627873563218391 0.06115301724137931
18 0.5984195402298851 0.5010775862068966 0.04274425287356322 0.04849137931034483
13 0.5347521551724138 0.18978987068965517 0.0454382183908046 0.06869612068965517
23 0.5626795977011494 0.3103448275862069 0.04418103448275862 0.07596982758620689
0 0.3458153735632184 0.2660290948275862 0.043642241379310345 0.04337284482758621
6 0.19836566091954022 0.36301185344827586 0.025682471264367818 0.06869612068965517
5 0.2692169540229885 0.5495689655172413 0.04310344827586207 0.06303879310344827
18 0.2265625 0.5029633620689655 0.037895114942528736 0.05441810344827586
1 0.31276939655172414 0.6823814655172413 0.03142959770114943 0.06896551724137931
5 0.25457974137931033 0.7252155172413793 0.052262931034482756 0.04849137931034483
5 0.31061422413793105 0.7711476293103449 0.046875 0.05953663793103448
7 0.49982040229885055 0.6848060344827587 0.04741379310344827 0.052262931034482756
8 0.6120689655172413 0.8216594827586207 0.035919540229885055 0.07327586206896551
3 0.6212284482758621 0.5743534482758621 0.032327586206896554 0.06734913793103449
5 0.697198275862069 0.5459321120689655 0.04454022988505747 0.06546336206896551
8 0.727191091954023 0.44665948275862066 0.035919540229885055 0.0668103448275862
3 0.671246408045977 0.4714439655172414 0.047234195402298854 0.052801724137931036
7 0.6802262931034483 0.35910560344827586 0.03358477011494253 0.06573275862068965
2 0.47835847701149425 0.4664601293103448 0.04040948275862069 0.06115301724137931
9 0.4894037356321839 0.1349676724137931 0.032327586206896554 0.0447198275862069
14 0.4745869252873563 0.20460668103448276 0.046515804597701146 0.05630387931034483
17 0.46327227011494254 0.2595635775862069 0.049389367816091954 0.06492456896551724
17 0.5234375 0.2782866379310345 0.046515804597701146 0.06896551724137931
14 0.5299030172413793 0.38294719827586204 0.037176724137931036 0.06438577586206896
17 0.5708512931034483 0.4067887931034483 0.046515804597701146 0.07165948275862069
13 0.6341594827586207 0.3923760775862069 0.035919540229885055 0.06115301724137931
16 0.5445402298850575 0.4696928879310345 0.05172413793103448 0.060075431034482756
13 0.5720186781609196 0.5936153017241379 0.03915229885057471 0.06546336206896551
15 0.5155352011494253 0.6087015086206896 0.037895114942528736 0.07839439655172414
9 0.4151400862068966 0.47629310344827586 0.038613505747126436 0.050107758620689655
33 0.4701867816091954 0.6051993534482759 0.029813218390804596 0.055765086206896554
11 0.5836925287356322 0.7435344827586207 0.020114942528735632 0.07650862068965517
14 0.6269755747126436 0.6566540948275862 0.033045977011494254 0.07139008620689655
9 0.4369612068965517 0.7482489224137931 0.0334051724137931 0.051454741379310345
15 0.23679956896551724 0.8125 0.04040948275862069 0.08081896551724138
10 0.37616738505747127 0.5796066810344828 0.0483117816091954 0.042295258620689655
11 0.7086027298850575 0.76171875 0.026400862068965518 0.07839439655172414
12 0.7133620689655172 0.3208512931034483 0.035919540229885055 0.05765086206896552