5 0.09499007936507936 0.19196428571428573 0.0689484126984127 0.06117724867724868
4 0.09908234126984126 0.27380952380952384 0.06671626984126984 0.05886243386243386
6 0.18080357142857142 0.17080026455026456 0.06597222222222222 0.05324074074074074
8 0.23549107142857142 0.49107142857142855 0.06125992063492063 0.05489417989417989
2 0.2728174603174603 0.3740079365079365 0.053075396825396824 0.08531746031746032
22 0.1892361111111111 0.41947751322751325 0.06597222222222222 0.05324074074074074
24 0.29389880952380953 0.2533068783068783 0.05555555555555555 0.09523809523809523
19 0.30691964285714285 0.48313492063492064 0.028025793650793652 0.08267195767195767
25 0.404265873015873 0.24636243386243387 0.07043650793650794 0.08928571428571429
10 0.11123511904761904 0.3644179894179894 0.036458333333333336 0.082010582010582
32 0.1827876984126984 0.25925925925925924 0.05654761904761905 0.0496031746031746
17 0.1987847222222222 0.3386243386243386 0.06374007936507936 0.07208994708994709
12 0.384796626984127 0.4849537037037037 0.054811507936507936 0.06514550264550265
12 0.35044642857142855 0.32936507936507936 0.05406746031746032 0.06812169312169312
14 0.43080357142857145 0.3369708994708995 0.05654761904761905 0.08928571428571429
31 0.3645833333333333 0.4105489417989418 0.06944444444444445 0.07837301587301587
33 0.18353174603174602 0.6213624338624338 0.049107142857142856 0.0582010582010582
33 0.39558531746031744 0.5968915343915344 0.042162698412698416 0.0582010582010582
32 0.31374007936507936 0.7394179894179894 0.056051587301587304 0.04894179894179894
32 0.18700396825396826 0.7247023809523809 0.03521825396825397 0.06977513227513228
12 0.125 0.7399140211640212 0.03670634920634921 0.08432539682539683
13 0.39273313492063494 0.716765873015873 0.06374007936507936 0.04861111111111111
15 0.3244047619047619 0.658234126984127 0.07093253968253968 0.07043650793650794
28 0.30319940476190477 0.8154761904761905 0.04836309523809524 0.0582010582010582
15 0.3881448412698413 0.8042328042328042 0.0689484126984127 0.046296296296296294
17 0.19233630952380953 0.8169642857142857 0.0642361111111111 0.07506613756613757
14 0.24541170634920634 0.7333002645502645 0.04241071428571429 0.08366402116402116
13 0.25768849206349204 0.6207010582010583 0.052083333333333336 0.07738095238095238
15 0.4697420634920635 0.7045304232804233 0.06646825396825397 0.060515873015873016
21 0.4660218253968254 0.5892857142857143 0.06845238095238096 0.0701058201058201
9 0.8151041666666666 0.7359457671957672 0.04836309523809524 0.0625
10 0.6814236111111112 0.6645171957671958 0.044890873015873016 0.0744047619047619
11 0.8452380952380952 0.4252645502645503 0.034722222222222224 0.09193121693121693
12 0.8797123015873016 0.6641865079365079 0.056051587301587304 0.07043650793650794
14 0.738219246031746 0.7625661375661376 0.06473214285714286 0.06349206349206349
14 0.6206597222222222 0.7389219576719577 0.05282738095238095 0.08630952380952381
15 0.5607638888888888 0.6828703703703703 0.05406746031746032 0.09391534391534391
16 0.6319444444444444 0.6197089947089947 0.05803571428571429 0.09259259259259259
2 0.8015873015873016 0.8406084656084656 0.06448412698412699 0.05489417989417989
3 0.7111855158730159 0.8389550264550265 0.06274801587301587 0.05291005291005291
5 0.5881696428571429 0.4669312169312169 0.05927579365079365 0.0787037037037037
7 0.6417410714285714 0.42212301587301587 0.05679563492063492 0.07705026455026455
30 0.8051835317460317 0.6031746031746031 0.041914682539682536 0.05489417989417989
19 0.7309027777777778 0.5834986772486772 0.043154761904761904 0.07506613756613757
23 0.568328373015873 0.5654761904761905 0.06671626984126984 0.09391534391534391
26 0.6651785714285714 0.5390211640211641 0.0763888888888889 0.08267195767195767
21 0.7845982142857143 0.492228835978836 0.07217261904761904 0.07837301587301587
24 0.8534226190476191 0.5406746031746031 0.06944444444444445 0.07208994708994709
24 0.7646329365079365 0.6638558201058201 0.056051587301587304 0.08697089947089948
27 0.5069444444444444 0.2576058201058201 0.054563492063492064 0.06018518518518518
29 0.5727926587301587 0.13971560846560846 0.034970238095238096 0.06117724867724868
29 0.6971726190476191 0.38293650793650796 0.03968253968253968 0.056216931216931214
33 0.6912202380952381 0.24834656084656084 0.04365079365079365 0.057539682539682536
31 0.7462797619047619 0.31630291005291006 0.07043650793650794 0.09027777777777778
20 0.6321924603174603 0.3134920634920635 0.042162698412698416 0.08465608465608465
18 0.5548115079365079 0.32506613756613756 0.05803571428571429 0.05423280423280423
18 0.722594246031746 0.13740079365079366 0.048859126984126984 0.07837301587301587
3 0.6465773809523809 0.17328042328042328 0.0496031746031746 0.08465608465608465
7 0.7822420634920635 0.3771494708994709 0.052083333333333336 0.07308201058201058
13 0.8442460317460317 0.2924933862433862 0.06001984126984127 0.07572751322751323
23 0.7873263888888888 0.2099867724867725 0.05679563492063492 0.09656084656084656
16 0.5868055555555556 0.23098544973544974 0.07242063492063493 0.06977513227513228
13 0.2802579365079365 0.1618716931216931 0.06001984126984127 0.07771164021164022
11 0.35379464285714285 0.19378306878306878 0.04241071428571429 0.09060846560846561